m h cube 	Models/cube.obj
m p plane 	Models/huge_plane.obj
m h cylinder 	Models/cylinder.obj
m h ramp	Models/ramp.obj
m s sphere	Models/sphere_smooth.obj 1.0
m h icostone	Models/long_icosphere.obj
m h pyramid	Models/pyramid.obj

o ground plane INFINITY
0.26 0.26 0.26	color
0.0 0.0 0.0	position
0.0 0.0 0.0	rotation
0.0 0.0 0.0	velocity vector
0.0 0.0 0.0	angular velocity

o ramp ramp INFINITY
0.26 0.26 0.26  color
17.0 8.5 -17.0 position
0.0 45.0 45.0 rotation
0.0 0.0 0.0     velocity vector
0.0 0.0 0.0     angular velocity

o ramp ramp INFINITY
0.26 0.26 0.26  color
-17.0 8.5 -17.0 position
0.0 -45.0 -45.0 rotation
0.0 0.0 0.0     velocity vector
0.0 0.0 0.0     angular velocity


o cube-1 cube 7500.0
0.39 0.58 0.93
-17 15 -16
55 59 19
0.0 0.0 0.0
0.0 0.0 0.0

o cube-1 cube 7500.0
0.39 0.58 0.93
17 15 -16
55 59 19
0.0 0.0 0.0
0.0 0.0 0.0

o cube-1 cube 7500.0
0.39 0.58 0.93
-20 15 -18
56 76 26
0.0 0.0 0.0
0.0 0.0 0.0

o cube-1 cube 7500.0
0.39 0.58 0.93
20 15 -18
56 76 26
0.0 0.0 0.0
0.0 0.0 0.0

o cube-1 cube 7500.0
0.39 0.58 0.93
-14 15 -13
76 42 83
0.0 0.0 0.0
0.0 0.0 0.0

o cube-1 cube 7500.0
0.39 0.58 0.93
14 15 -13
76 42 83
0.0 0.0 0.0
0.0 0.0 0.0

o cube-1 cube 7500.0
0.39 0.58 0.93
-18 15 -16
21 67 4
0.0 0.0 0.0
0.0 0.0 0.0

o cube-1 cube 7500.0
0.39 0.58 0.93
18 15 -16
21 67 4
0.0 0.0 0.0
0.0 0.0 0.0

o sphere-1 sphere 7500.0
1.0 0.0 0.0
-19 20 -18
80 19 62
0.0 0.0 0.0
0.0 0.0 0.0

o sphere-1 sphere 7500.0
1.0 0.0 0.0
19 20 -18
80 19 62
0.0 0.0 0.0
0.0 0.0 0.0

o icostone-1 icostone 7500.0
0.96 0.96 0.96
-18 20 -18
61 57 62
0.0 0.0 0.0
0.0 0.0 0.0

o icostone-1 icostone 7500.0
0.96 0.96 0.96
18 20 -18
61 57 62
0.0 0.0 0.0
0.0 0.0 0.0

o pyramid-1 pyramid 8500.0
1.0 0.84 0.0
-17 25 -18
29 49 72
0.0 0.0 0.0
0.0 0.0 0.0

o pyramid-1 pyramid 8500.0
1.0 0.84 0.0
17 25 -18
29 49 72
0.0 0.0 0.0
0.0 0.0 0.0

o cube0 cube 7500.0
0.39 0.58 0.93
-18 25 -16
0 66 18
0.0 0.0 0.0
0.0 0.0 0.0

o cube0 cube 7500.0
0.39 0.58 0.93
18 25 -16
0 66 18
0.0 0.0 0.0
0.0 0.0 0.0

o cube0 cube 7500.0
0.39 0.58 0.93
-21 25 -18
18 19 30
0.0 0.0 0.0
0.0 0.0 0.0

o cube0 cube 7500.0
0.39 0.58 0.93
21 25 -18
18 19 30
0.0 0.0 0.0
0.0 0.0 0.0

o cube0 cube 7500.0
0.39 0.58 0.93
-14 25 -15
67 43 43
0.0 0.0 0.0
0.0 0.0 0.0

o cube0 cube 7500.0
0.39 0.58 0.93
14 25 -15
67 43 43
0.0 0.0 0.0
0.0 0.0 0.0

o cube0 cube 7500.0
0.39 0.58 0.93
-18 25 -17
84 17 88
0.0 0.0 0.0
0.0 0.0 0.0

o cube0 cube 7500.0
0.39 0.58 0.93
18 25 -17
84 17 88
0.0 0.0 0.0
0.0 0.0 0.0

o sphere0 sphere 7500.0
1.0 0.0 0.0
-20 30 -20
4 50 47
0.0 0.0 0.0
0.0 0.0 0.0

o sphere0 sphere 7500.0
1.0 0.0 0.0
20 30 -20
4 50 47
0.0 0.0 0.0
0.0 0.0 0.0

o icostone0 icostone 7500.0
0.96 0.96 0.96
-18 30 -16
77 15 22
0.0 0.0 0.0
0.0 0.0 0.0

o icostone0 icostone 7500.0
0.96 0.96 0.96
18 30 -16
77 15 22
0.0 0.0 0.0
0.0 0.0 0.0

o pyramid0 pyramid 8500.0
1.0 0.84 0.0
-18 35 -17
24 80 63
0.0 0.0 0.0
0.0 0.0 0.0

o pyramid0 pyramid 8500.0
1.0 0.84 0.0
18 35 -17
24 80 63
0.0 0.0 0.0
0.0 0.0 0.0

o cube1 cube 7500.0
0.39 0.58 0.93
-17 35 -18
56 73 86
0.0 0.0 0.0
0.0 0.0 0.0

o cube1 cube 7500.0
0.39 0.58 0.93
17 35 -18
56 73 86
0.0 0.0 0.0
0.0 0.0 0.0

o cube1 cube 7500.0
0.39 0.58 0.93
-21 35 -18
70 90 5
0.0 0.0 0.0
0.0 0.0 0.0

o cube1 cube 7500.0
0.39 0.58 0.93
21 35 -18
70 90 5
0.0 0.0 0.0
0.0 0.0 0.0

o cube1 cube 7500.0
0.39 0.58 0.93
-16 35 -13
60 10 25
0.0 0.0 0.0
0.0 0.0 0.0

o cube1 cube 7500.0
0.39 0.58 0.93
16 35 -13
60 10 25
0.0 0.0 0.0
0.0 0.0 0.0

o cube1 cube 7500.0
0.39 0.58 0.93
-18 35 -16
5 9 8
0.0 0.0 0.0
0.0 0.0 0.0

o cube1 cube 7500.0
0.39 0.58 0.93
18 35 -16
5 9 8
0.0 0.0 0.0
0.0 0.0 0.0

o sphere1 sphere 7500.0
1.0 0.0 0.0
-19 40 -18
56 77 39
0.0 0.0 0.0
0.0 0.0 0.0

o sphere1 sphere 7500.0
1.0 0.0 0.0
19 40 -18
56 77 39
0.0 0.0 0.0
0.0 0.0 0.0

o icostone1 icostone 7500.0
0.96 0.96 0.96
-18 40 -16
80 70 88
0.0 0.0 0.0
0.0 0.0 0.0

o icostone1 icostone 7500.0
0.96 0.96 0.96
18 40 -16
80 70 88
0.0 0.0 0.0
0.0 0.0 0.0

o pyramid1 pyramid 8500.0
1.0 0.84 0.0
-19 45 -16
89 45 83
0.0 0.0 0.0
0.0 0.0 0.0

o pyramid1 pyramid 8500.0
1.0 0.84 0.0
19 45 -16
89 45 83
0.0 0.0 0.0
0.0 0.0 0.0

o cube2 cube 7500.0
0.39 0.58 0.93
-19 45 -18
31 0 5
0.0 0.0 0.0
0.0 0.0 0.0

o cube2 cube 7500.0
0.39 0.58 0.93
19 45 -18
31 0 5
0.0 0.0 0.0
0.0 0.0 0.0

o cube2 cube 7500.0
0.39 0.58 0.93
-21 45 -20
79 82 53
0.0 0.0 0.0
0.0 0.0 0.0

o cube2 cube 7500.0
0.39 0.58 0.93
21 45 -20
79 82 53
0.0 0.0 0.0
0.0 0.0 0.0

o cube2 cube 7500.0
0.39 0.58 0.93
-16 45 -13
12 41 1
0.0 0.0 0.0
0.0 0.0 0.0

o cube2 cube 7500.0
0.39 0.58 0.93
16 45 -13
12 41 1
0.0 0.0 0.0
0.0 0.0 0.0

o cube2 cube 7500.0
0.39 0.58 0.93
-17 45 -15
61 60 72
0.0 0.0 0.0
0.0 0.0 0.0

o cube2 cube 7500.0
0.39 0.58 0.93
17 45 -15
61 60 72
0.0 0.0 0.0
0.0 0.0 0.0

o sphere2 sphere 7500.0
1.0 0.0 0.0
-21 50 -18
13 40 27
0.0 0.0 0.0
0.0 0.0 0.0

o sphere2 sphere 7500.0
1.0 0.0 0.0
21 50 -18
13 40 27
0.0 0.0 0.0
0.0 0.0 0.0

o icostone2 icostone 7500.0
0.96 0.96 0.96
-17 50 -17
15 43 66
0.0 0.0 0.0
0.0 0.0 0.0

o icostone2 icostone 7500.0
0.96 0.96 0.96
17 50 -17
15 43 66
0.0 0.0 0.0
0.0 0.0 0.0

o pyramid2 pyramid 8500.0
1.0 0.84 0.0
-18 55 -18
70 53 80
0.0 0.0 0.0
0.0 0.0 0.0

o pyramid2 pyramid 8500.0
1.0 0.84 0.0
18 55 -18
70 53 80
0.0 0.0 0.0
0.0 0.0 0.0

o cube3 cube 7500.0
0.39 0.58 0.93
-18 55 -16
89 21 9
0.0 0.0 0.0
0.0 0.0 0.0

o cube3 cube 7500.0
0.39 0.58 0.93
18 55 -16
89 21 9
0.0 0.0 0.0
0.0 0.0 0.0

o cube3 cube 7500.0
0.39 0.58 0.93
-21 55 -19
21 24 15
0.0 0.0 0.0
0.0 0.0 0.0

o cube3 cube 7500.0
0.39 0.58 0.93
21 55 -19
21 24 15
0.0 0.0 0.0
0.0 0.0 0.0

o cube3 cube 7500.0
0.39 0.58 0.93
-14 55 -14
24 33 17
0.0 0.0 0.0
0.0 0.0 0.0

o cube3 cube 7500.0
0.39 0.58 0.93
14 55 -14
24 33 17
0.0 0.0 0.0
0.0 0.0 0.0

o cube3 cube 7500.0
0.39 0.58 0.93
-18 55 -15
13 17 16
0.0 0.0 0.0
0.0 0.0 0.0

o cube3 cube 7500.0
0.39 0.58 0.93
18 55 -15
13 17 16
0.0 0.0 0.0
0.0 0.0 0.0

o sphere3 sphere 7500.0
1.0 0.0 0.0
-20 60 -20
51 72 62
0.0 0.0 0.0
0.0 0.0 0.0

o sphere3 sphere 7500.0
1.0 0.0 0.0
20 60 -20
51 72 62
0.0 0.0 0.0
0.0 0.0 0.0

o icostone3 icostone 7500.0
0.96 0.96 0.96
-19 60 -17
37 53 53
0.0 0.0 0.0
0.0 0.0 0.0

o icostone3 icostone 7500.0
0.96 0.96 0.96
19 60 -17
37 53 53
0.0 0.0 0.0
0.0 0.0 0.0

o pyramid3 pyramid 8500.0
1.0 0.84 0.0
-18 65 -16
1 46 9
0.0 0.0 0.0
0.0 0.0 0.0

o pyramid3 pyramid 8500.0
1.0 0.84 0.0
18 65 -16
1 46 9
0.0 0.0 0.0
0.0 0.0 0.0

o cube4 cube 7500.0
0.39 0.58 0.93
-19 65 -18
85 5 12
0.0 0.0 0.0
0.0 0.0 0.0

o cube4 cube 7500.0
0.39 0.58 0.93
19 65 -18
85 5 12
0.0 0.0 0.0
0.0 0.0 0.0

o cube4 cube 7500.0
0.39 0.58 0.93
-20 65 -18
53 28 88
0.0 0.0 0.0
0.0 0.0 0.0

o cube4 cube 7500.0
0.39 0.58 0.93
20 65 -18
53 28 88
0.0 0.0 0.0
0.0 0.0 0.0

o cube4 cube 7500.0
0.39 0.58 0.93
-14 65 -15
57 12 18
0.0 0.0 0.0
0.0 0.0 0.0

o cube4 cube 7500.0
0.39 0.58 0.93
14 65 -15
57 12 18
0.0 0.0 0.0
0.0 0.0 0.0

o cube4 cube 7500.0
0.39 0.58 0.93
-18 65 -16
78 62 6
0.0 0.0 0.0
0.0 0.0 0.0

o cube4 cube 7500.0
0.39 0.58 0.93
18 65 -16
78 62 6
0.0 0.0 0.0
0.0 0.0 0.0

o sphere4 sphere 7500.0
1.0 0.0 0.0
-19 70 -18
65 50 63
0.0 0.0 0.0
0.0 0.0 0.0

o sphere4 sphere 7500.0
1.0 0.0 0.0
19 70 -18
65 50 63
0.0 0.0 0.0
0.0 0.0 0.0

o icostone4 icostone 7500.0
0.96 0.96 0.96
-17 70 -16
7 34 70
0.0 0.0 0.0
0.0 0.0 0.0

o icostone4 icostone 7500.0
0.96 0.96 0.96
17 70 -16
7 34 70
0.0 0.0 0.0
0.0 0.0 0.0

o pyramid4 pyramid 8500.0
1.0 0.84 0.0
-17 75 -17
70 0 48
0.0 0.0 0.0
0.0 0.0 0.0

o pyramid4 pyramid 8500.0
1.0 0.84 0.0
17 75 -17
70 0 48
0.0 0.0 0.0
0.0 0.0 0.0

o cube5 cube 7500.0
0.39 0.58 0.93
-17 75 -17
20 65 31
0.0 0.0 0.0
0.0 0.0 0.0

o cube5 cube 7500.0
0.39 0.58 0.93
17 75 -17
20 65 31
0.0 0.0 0.0
0.0 0.0 0.0

o cube5 cube 7500.0
0.39 0.58 0.93
-21 75 -18
10 56 90
0.0 0.0 0.0
0.0 0.0 0.0

o cube5 cube 7500.0
0.39 0.58 0.93
21 75 -18
10 56 90
0.0 0.0 0.0
0.0 0.0 0.0

o cube5 cube 7500.0
0.39 0.58 0.93
-15 75 -15
12 77 39
0.0 0.0 0.0
0.0 0.0 0.0

o cube5 cube 7500.0
0.39 0.58 0.93
15 75 -15
12 77 39
0.0 0.0 0.0
0.0 0.0 0.0

o cube5 cube 7500.0
0.39 0.58 0.93
-16 75 -15
66 49 14
0.0 0.0 0.0
0.0 0.0 0.0

o cube5 cube 7500.0
0.39 0.58 0.93
16 75 -15
66 49 14
0.0 0.0 0.0
0.0 0.0 0.0

o sphere5 sphere 7500.0
1.0 0.0 0.0
-21 80 -20
24 72 50
0.0 0.0 0.0
0.0 0.0 0.0

o sphere5 sphere 7500.0
1.0 0.0 0.0
21 80 -20
24 72 50
0.0 0.0 0.0
0.0 0.0 0.0

o icostone5 icostone 7500.0
0.96 0.96 0.96
-18 80 -18
53 7 65
0.0 0.0 0.0
0.0 0.0 0.0

o icostone5 icostone 7500.0
0.96 0.96 0.96
18 80 -18
53 7 65
0.0 0.0 0.0
0.0 0.0 0.0

o pyramid5 pyramid 8500.0
1.0 0.84 0.0
-17 85 -16
81 41 82
0.0 0.0 0.0
0.0 0.0 0.0

o pyramid5 pyramid 8500.0
1.0 0.84 0.0
17 85 -16
81 41 82
0.0 0.0 0.0
0.0 0.0 0.0

o cube6 cube 7500.0
0.39 0.58 0.93
-17 85 -18
47 45 46
0.0 0.0 0.0
0.0 0.0 0.0

o cube6 cube 7500.0
0.39 0.58 0.93
17 85 -18
47 45 46
0.0 0.0 0.0
0.0 0.0 0.0

o cube6 cube 7500.0
0.39 0.58 0.93
-21 85 -18
66 35 35
0.0 0.0 0.0
0.0 0.0 0.0

o cube6 cube 7500.0
0.39 0.58 0.93
21 85 -18
66 35 35
0.0 0.0 0.0
0.0 0.0 0.0

o cube6 cube 7500.0
0.39 0.58 0.93
-14 85 -14
63 41 38
0.0 0.0 0.0
0.0 0.0 0.0

o cube6 cube 7500.0
0.39 0.58 0.93
14 85 -14
63 41 38
0.0 0.0 0.0
0.0 0.0 0.0

o cube6 cube 7500.0
0.39 0.58 0.93
-17 85 -15
2 41 51
0.0 0.0 0.0
0.0 0.0 0.0

o cube6 cube 7500.0
0.39 0.58 0.93
17 85 -15
2 41 51
0.0 0.0 0.0
0.0 0.0 0.0

o sphere6 sphere 7500.0
1.0 0.0 0.0
-19 90 -20
87 57 11
0.0 0.0 0.0
0.0 0.0 0.0

o sphere6 sphere 7500.0
1.0 0.0 0.0
19 90 -20
87 57 11
0.0 0.0 0.0
0.0 0.0 0.0

o icostone6 icostone 7500.0
0.96 0.96 0.96
-17 90 -18
46 70 1
0.0 0.0 0.0
0.0 0.0 0.0

o icostone6 icostone 7500.0
0.96 0.96 0.96
17 90 -18
46 70 1
0.0 0.0 0.0
0.0 0.0 0.0

o pyramid6 pyramid 8500.0
1.0 0.84 0.0
-17 95 -16
53 24 73
0.0 0.0 0.0
0.0 0.0 0.0

o pyramid6 pyramid 8500.0
1.0 0.84 0.0
17 95 -16
53 24 73
0.0 0.0 0.0
0.0 0.0 0.0

o cube7 cube 7500.0
0.39 0.58 0.93
-17 95 -18
24 58 52
0.0 0.0 0.0
0.0 0.0 0.0

o cube7 cube 7500.0
0.39 0.58 0.93
17 95 -18
24 58 52
0.0 0.0 0.0
0.0 0.0 0.0

o cube7 cube 7500.0
0.39 0.58 0.93
-20 95 -19
29 2 67
0.0 0.0 0.0
0.0 0.0 0.0

o cube7 cube 7500.0
0.39 0.58 0.93
20 95 -19
29 2 67
0.0 0.0 0.0
0.0 0.0 0.0

o cube7 cube 7500.0
0.39 0.58 0.93
-15 95 -14
43 4 6
0.0 0.0 0.0
0.0 0.0 0.0

o cube7 cube 7500.0
0.39 0.58 0.93
15 95 -14
43 4 6
0.0 0.0 0.0
0.0 0.0 0.0

o cube7 cube 7500.0
0.39 0.58 0.93
-18 95 -17
61 81 59
0.0 0.0 0.0
0.0 0.0 0.0

o cube7 cube 7500.0
0.39 0.58 0.93
18 95 -17
61 81 59
0.0 0.0 0.0
0.0 0.0 0.0

o sphere7 sphere 7500.0
1.0 0.0 0.0
-21 100 -18
2 40 27
0.0 0.0 0.0
0.0 0.0 0.0

o sphere7 sphere 7500.0
1.0 0.0 0.0
21 100 -18
2 40 27
0.0 0.0 0.0
0.0 0.0 0.0

o icostone7 icostone 7500.0
0.96 0.96 0.96
-18 100 -16
78 48 70
0.0 0.0 0.0
0.0 0.0 0.0

o icostone7 icostone 7500.0
0.96 0.96 0.96
18 100 -16
78 48 70
0.0 0.0 0.0
0.0 0.0 0.0

o pyramid7 pyramid 8500.0
1.0 0.84 0.0
-18 105 -18
60 32 22
0.0 0.0 0.0
0.0 0.0 0.0

o pyramid7 pyramid 8500.0
1.0 0.84 0.0
18 105 -18
60 32 22
0.0 0.0 0.0
0.0 0.0 0.0

o cube8 cube 7500.0
0.39 0.58 0.93
-19 105 -17
61 62 34
0.0 0.0 0.0
0.0 0.0 0.0

o cube8 cube 7500.0
0.39 0.58 0.93
19 105 -17
61 62 34
0.0 0.0 0.0
0.0 0.0 0.0

o cube8 cube 7500.0
0.39 0.58 0.93
-20 105 -19
28 11 27
0.0 0.0 0.0
0.0 0.0 0.0

o cube8 cube 7500.0
0.39 0.58 0.93
20 105 -19
28 11 27
0.0 0.0 0.0
0.0 0.0 0.0

o cube8 cube 7500.0
0.39 0.58 0.93
-14 105 -15
32 89 76
0.0 0.0 0.0
0.0 0.0 0.0

o cube8 cube 7500.0
0.39 0.58 0.93
14 105 -15
32 89 76
0.0 0.0 0.0
0.0 0.0 0.0

o cube8 cube 7500.0
0.39 0.58 0.93
-18 105 -16
79 5 72
0.0 0.0 0.0
0.0 0.0 0.0

o cube8 cube 7500.0
0.39 0.58 0.93
18 105 -16
79 5 72
0.0 0.0 0.0
0.0 0.0 0.0

o sphere8 sphere 7500.0
1.0 0.0 0.0
-20 110 -20
14 69 53
0.0 0.0 0.0
0.0 0.0 0.0

o sphere8 sphere 7500.0
1.0 0.0 0.0
20 110 -20
14 69 53
0.0 0.0 0.0
0.0 0.0 0.0

o icostone8 icostone 7500.0
0.96 0.96 0.96
-17 110 -17
63 2 33
0.0 0.0 0.0
0.0 0.0 0.0

o icostone8 icostone 7500.0
0.96 0.96 0.96
17 110 -17
63 2 33
0.0 0.0 0.0
0.0 0.0 0.0

o pyramid8 pyramid 8500.0
1.0 0.84 0.0
-17 115 -16
15 1 36
0.0 0.0 0.0
0.0 0.0 0.0

o pyramid8 pyramid 8500.0
1.0 0.84 0.0
17 115 -16
15 1 36
0.0 0.0 0.0
0.0 0.0 0.0

o cube9 cube 7500.0
0.39 0.58 0.93
-18 115 -17
77 26 45
0.0 0.0 0.0
0.0 0.0 0.0

o cube9 cube 7500.0
0.39 0.58 0.93
18 115 -17
77 26 45
0.0 0.0 0.0
0.0 0.0 0.0

o cube9 cube 7500.0
0.39 0.58 0.93
-20 115 -18
20 68 31
0.0 0.0 0.0
0.0 0.0 0.0

o cube9 cube 7500.0
0.39 0.58 0.93
20 115 -18
20 68 31
0.0 0.0 0.0
0.0 0.0 0.0

o cube9 cube 7500.0
0.39 0.58 0.93
-16 115 -13
71 32 1
0.0 0.0 0.0
0.0 0.0 0.0

o cube9 cube 7500.0
0.39 0.58 0.93
16 115 -13
71 32 1
0.0 0.0 0.0
0.0 0.0 0.0

o cube9 cube 7500.0
0.39 0.58 0.93
-18 115 -15
49 4 54
0.0 0.0 0.0
0.0 0.0 0.0

o cube9 cube 7500.0
0.39 0.58 0.93
18 115 -15
49 4 54
0.0 0.0 0.0
0.0 0.0 0.0

o sphere9 sphere 7500.0
1.0 0.0 0.0
-19 120 -20
13 82 83
0.0 0.0 0.0
0.0 0.0 0.0

o sphere9 sphere 7500.0
1.0 0.0 0.0
19 120 -20
13 82 83
0.0 0.0 0.0
0.0 0.0 0.0

o icostone9 icostone 7500.0
0.96 0.96 0.96
-19 120 -17
85 4 75
0.0 0.0 0.0
0.0 0.0 0.0

o icostone9 icostone 7500.0
0.96 0.96 0.96
19 120 -17
85 4 75
0.0 0.0 0.0
0.0 0.0 0.0

o pyramid9 pyramid 8500.0
1.0 0.84 0.0
-18 125 -16
31 10 20
0.0 0.0 0.0
0.0 0.0 0.0

o pyramid9 pyramid 8500.0
1.0 0.84 0.0
18 125 -16
31 10 20
0.0 0.0 0.0
0.0 0.0 0.0

o cube10 cube 7500.0
0.39 0.58 0.93
-18 125 -16
46 71 32
0.0 0.0 0.0
0.0 0.0 0.0

o cube10 cube 7500.0
0.39 0.58 0.93
18 125 -16
46 71 32
0.0 0.0 0.0
0.0 0.0 0.0

o cube10 cube 7500.0
0.39 0.58 0.93
-19 125 -20
75 3 48
0.0 0.0 0.0
0.0 0.0 0.0

o cube10 cube 7500.0
0.39 0.58 0.93
19 125 -20
75 3 48
0.0 0.0 0.0
0.0 0.0 0.0

o cube10 cube 7500.0
0.39 0.58 0.93
-14 125 -13
87 78 56
0.0 0.0 0.0
0.0 0.0 0.0

o cube10 cube 7500.0
0.39 0.58 0.93
14 125 -13
87 78 56
0.0 0.0 0.0
0.0 0.0 0.0

o cube10 cube 7500.0
0.39 0.58 0.93
-17 125 -17
34 84 29
0.0 0.0 0.0
0.0 0.0 0.0

o cube10 cube 7500.0
0.39 0.58 0.93
17 125 -17
34 84 29
0.0 0.0 0.0
0.0 0.0 0.0

o sphere10 sphere 7500.0
1.0 0.0 0.0
-21 130 -18
17 74 2
0.0 0.0 0.0
0.0 0.0 0.0

o sphere10 sphere 7500.0
1.0 0.0 0.0
21 130 -18
17 74 2
0.0 0.0 0.0
0.0 0.0 0.0

o icostone10 icostone 7500.0
0.96 0.96 0.96
-17 130 -17
42 87 77
0.0 0.0 0.0
0.0 0.0 0.0

o icostone10 icostone 7500.0
0.96 0.96 0.96
17 130 -17
42 87 77
0.0 0.0 0.0
0.0 0.0 0.0

o pyramid10 pyramid 8500.0
1.0 0.84 0.0
-18 135 -17
33 76 48
0.0 0.0 0.0
0.0 0.0 0.0

o pyramid10 pyramid 8500.0
1.0 0.84 0.0
18 135 -17
33 76 48
0.0 0.0 0.0
0.0 0.0 0.0

o cube11 cube 7500.0
0.39 0.58 0.93
-18 135 -18
33 66 20
0.0 0.0 0.0
0.0 0.0 0.0

o cube11 cube 7500.0
0.39 0.58 0.93
18 135 -18
33 66 20
0.0 0.0 0.0
0.0 0.0 0.0

o cube11 cube 7500.0
0.39 0.58 0.93
-21 135 -20
51 73 23
0.0 0.0 0.0
0.0 0.0 0.0

o cube11 cube 7500.0
0.39 0.58 0.93
21 135 -20
51 73 23
0.0 0.0 0.0
0.0 0.0 0.0

o cube11 cube 7500.0
0.39 0.58 0.93
-14 135 -14
77 27 79
0.0 0.0 0.0
0.0 0.0 0.0

o cube11 cube 7500.0
0.39 0.58 0.93
14 135 -14
77 27 79
0.0 0.0 0.0
0.0 0.0 0.0

o cube11 cube 7500.0
0.39 0.58 0.93
-18 135 -17
50 75 53
0.0 0.0 0.0
0.0 0.0 0.0

o cube11 cube 7500.0
0.39 0.58 0.93
18 135 -17
50 75 53
0.0 0.0 0.0
0.0 0.0 0.0

o sphere11 sphere 7500.0
1.0 0.0 0.0
-20 140 -20
59 5 26
0.0 0.0 0.0
0.0 0.0 0.0

o sphere11 sphere 7500.0
1.0 0.0 0.0
20 140 -20
59 5 26
0.0 0.0 0.0
0.0 0.0 0.0

o icostone11 icostone 7500.0
0.96 0.96 0.96
-18 140 -16
44 57 56
0.0 0.0 0.0
0.0 0.0 0.0

o icostone11 icostone 7500.0
0.96 0.96 0.96
18 140 -16
44 57 56
0.0 0.0 0.0
0.0 0.0 0.0

o pyramid11 pyramid 8500.0
1.0 0.84 0.0
-17 145 -17
4 90 36
0.0 0.0 0.0
0.0 0.0 0.0

o pyramid11 pyramid 8500.0
1.0 0.84 0.0
17 145 -17
4 90 36
0.0 0.0 0.0
0.0 0.0 0.0

o cube12 cube 7500.0
0.39 0.58 0.93
-18 145 -17
80 25 37
0.0 0.0 0.0
0.0 0.0 0.0

o cube12 cube 7500.0
0.39 0.58 0.93
18 145 -17
80 25 37
0.0 0.0 0.0
0.0 0.0 0.0

o cube12 cube 7500.0
0.39 0.58 0.93
-20 145 -20
17 7 72
0.0 0.0 0.0
0.0 0.0 0.0

o cube12 cube 7500.0
0.39 0.58 0.93
20 145 -20
17 7 72
0.0 0.0 0.0
0.0 0.0 0.0

o cube12 cube 7500.0
0.39 0.58 0.93
-15 145 -14
69 15 29
0.0 0.0 0.0
0.0 0.0 0.0

o cube12 cube 7500.0
0.39 0.58 0.93
15 145 -14
69 15 29
0.0 0.0 0.0
0.0 0.0 0.0

o cube12 cube 7500.0
0.39 0.58 0.93
-17 145 -17
47 21 22
0.0 0.0 0.0
0.0 0.0 0.0

o cube12 cube 7500.0
0.39 0.58 0.93
17 145 -17
47 21 22
0.0 0.0 0.0
0.0 0.0 0.0

o sphere12 sphere 7500.0
1.0 0.0 0.0
-21 150 -19
8 13 66
0.0 0.0 0.0
0.0 0.0 0.0

o sphere12 sphere 7500.0
1.0 0.0 0.0
21 150 -19
8 13 66
0.0 0.0 0.0
0.0 0.0 0.0

o icostone12 icostone 7500.0
0.96 0.96 0.96
-18 150 -17
81 2 29
0.0 0.0 0.0
0.0 0.0 0.0

o icostone12 icostone 7500.0
0.96 0.96 0.96
18 150 -17
81 2 29
0.0 0.0 0.0
0.0 0.0 0.0

o pyramid12 pyramid 8500.0
1.0 0.84 0.0
-17 155 -18
56 78 78
0.0 0.0 0.0
0.0 0.0 0.0

o pyramid12 pyramid 8500.0
1.0 0.84 0.0
17 155 -18
56 78 78
0.0 0.0 0.0
0.0 0.0 0.0

o cube13 cube 7500.0
0.39 0.58 0.93
-18 155 -16
77 32 38
0.0 0.0 0.0
0.0 0.0 0.0

o cube13 cube 7500.0
0.39 0.58 0.93
18 155 -16
77 32 38
0.0 0.0 0.0
0.0 0.0 0.0

o cube13 cube 7500.0
0.39 0.58 0.93
-21 155 -20
66 38 3
0.0 0.0 0.0
0.0 0.0 0.0

o cube13 cube 7500.0
0.39 0.58 0.93
21 155 -20
66 38 3
0.0 0.0 0.0
0.0 0.0 0.0

o cube13 cube 7500.0
0.39 0.58 0.93
-15 155 -14
14 25 17
0.0 0.0 0.0
0.0 0.0 0.0

o cube13 cube 7500.0
0.39 0.58 0.93
15 155 -14
14 25 17
0.0 0.0 0.0
0.0 0.0 0.0

o cube13 cube 7500.0
0.39 0.58 0.93
-17 155 -16
13 67 41
0.0 0.0 0.0
0.0 0.0 0.0

o cube13 cube 7500.0
0.39 0.58 0.93
17 155 -16
13 67 41
0.0 0.0 0.0
0.0 0.0 0.0

o sphere13 sphere 7500.0
1.0 0.0 0.0
-19 160 -19
33 67 0
0.0 0.0 0.0
0.0 0.0 0.0

o sphere13 sphere 7500.0
1.0 0.0 0.0
19 160 -19
33 67 0
0.0 0.0 0.0
0.0 0.0 0.0

o icostone13 icostone 7500.0
0.96 0.96 0.96
-18 160 -16
12 88 7
0.0 0.0 0.0
0.0 0.0 0.0

o icostone13 icostone 7500.0
0.96 0.96 0.96
18 160 -16
12 88 7
0.0 0.0 0.0
0.0 0.0 0.0

o pyramid13 pyramid 8500.0
1.0 0.84 0.0
-19 165 -17
30 84 15
0.0 0.0 0.0
0.0 0.0 0.0

o pyramid13 pyramid 8500.0
1.0 0.84 0.0
19 165 -17
30 84 15
0.0 0.0 0.0
0.0 0.0 0.0

o cube14 cube 7500.0
0.39 0.58 0.93
-17 165 -16
17 69 32
0.0 0.0 0.0
0.0 0.0 0.0

o cube14 cube 7500.0
0.39 0.58 0.93
17 165 -16
17 69 32
0.0 0.0 0.0
0.0 0.0 0.0

o cube14 cube 7500.0
0.39 0.58 0.93
-21 165 -19
65 16 49
0.0 0.0 0.0
0.0 0.0 0.0

o cube14 cube 7500.0
0.39 0.58 0.93
21 165 -19
65 16 49
0.0 0.0 0.0
0.0 0.0 0.0

o cube14 cube 7500.0
0.39 0.58 0.93
-14 165 -13
54 9 54
0.0 0.0 0.0
0.0 0.0 0.0

o cube14 cube 7500.0
0.39 0.58 0.93
14 165 -13
54 9 54
0.0 0.0 0.0
0.0 0.0 0.0

o cube14 cube 7500.0
0.39 0.58 0.93
-16 165 -15
71 22 84
0.0 0.0 0.0
0.0 0.0 0.0

o cube14 cube 7500.0
0.39 0.58 0.93
16 165 -15
71 22 84
0.0 0.0 0.0
0.0 0.0 0.0

o sphere14 sphere 7500.0
1.0 0.0 0.0
-19 170 -19
39 51 4
0.0 0.0 0.0
0.0 0.0 0.0

o sphere14 sphere 7500.0
1.0 0.0 0.0
19 170 -19
39 51 4
0.0 0.0 0.0
0.0 0.0 0.0

o icostone14 icostone 7500.0
0.96 0.96 0.96
-19 170 -17
77 81 16
0.0 0.0 0.0
0.0 0.0 0.0

o icostone14 icostone 7500.0
0.96 0.96 0.96
19 170 -17
77 81 16
0.0 0.0 0.0
0.0 0.0 0.0

o pyramid14 pyramid 8500.0
1.0 0.84 0.0
-17 175 -18
75 71 63
0.0 0.0 0.0
0.0 0.0 0.0

o pyramid14 pyramid 8500.0
1.0 0.84 0.0
17 175 -18
75 71 63
0.0 0.0 0.0
0.0 0.0 0.0

o cube15 cube 7500.0
0.39 0.58 0.93
-19 175 -18
27 65 59
0.0 0.0 0.0
0.0 0.0 0.0

o cube15 cube 7500.0
0.39 0.58 0.93
19 175 -18
27 65 59
0.0 0.0 0.0
0.0 0.0 0.0

o cube15 cube 7500.0
0.39 0.58 0.93
-21 175 -19
11 41 68
0.0 0.0 0.0
0.0 0.0 0.0

o cube15 cube 7500.0
0.39 0.58 0.93
21 175 -19
11 41 68
0.0 0.0 0.0
0.0 0.0 0.0

o cube15 cube 7500.0
0.39 0.58 0.93
-14 175 -13
35 23 14
0.0 0.0 0.0
0.0 0.0 0.0

o cube15 cube 7500.0
0.39 0.58 0.93
14 175 -13
35 23 14
0.0 0.0 0.0
0.0 0.0 0.0

o cube15 cube 7500.0
0.39 0.58 0.93
-18 175 -16
14 7 1
0.0 0.0 0.0
0.0 0.0 0.0

o cube15 cube 7500.0
0.39 0.58 0.93
18 175 -16
14 7 1
0.0 0.0 0.0
0.0 0.0 0.0

o sphere15 sphere 7500.0
1.0 0.0 0.0
-21 180 -18
35 11 68
0.0 0.0 0.0
0.0 0.0 0.0

o sphere15 sphere 7500.0
1.0 0.0 0.0
21 180 -18
35 11 68
0.0 0.0 0.0
0.0 0.0 0.0

o icostone15 icostone 7500.0
0.96 0.96 0.96
-18 180 -17
82 51 55
0.0 0.0 0.0
0.0 0.0 0.0

o icostone15 icostone 7500.0
0.96 0.96 0.96
18 180 -17
82 51 55
0.0 0.0 0.0
0.0 0.0 0.0

o pyramid15 pyramid 8500.0
1.0 0.84 0.0
-19 185 -16
1 57 78
0.0 0.0 0.0
0.0 0.0 0.0

o pyramid15 pyramid 8500.0
1.0 0.84 0.0
19 185 -16
1 57 78
0.0 0.0 0.0
0.0 0.0 0.0

o cube16 cube 7500.0
0.39 0.58 0.93
-19 185 -17
16 29 39
0.0 0.0 0.0
0.0 0.0 0.0

o cube16 cube 7500.0
0.39 0.58 0.93
19 185 -17
16 29 39
0.0 0.0 0.0
0.0 0.0 0.0

o cube16 cube 7500.0
0.39 0.58 0.93
-19 185 -19
82 74 64
0.0 0.0 0.0
0.0 0.0 0.0

o cube16 cube 7500.0
0.39 0.58 0.93
19 185 -19
82 74 64
0.0 0.0 0.0
0.0 0.0 0.0

o cube16 cube 7500.0
0.39 0.58 0.93
-14 185 -13
34 84 79
0.0 0.0 0.0
0.0 0.0 0.0

o cube16 cube 7500.0
0.39 0.58 0.93
14 185 -13
34 84 79
0.0 0.0 0.0
0.0 0.0 0.0

o cube16 cube 7500.0
0.39 0.58 0.93
-17 185 -16
8 75 17
0.0 0.0 0.0
0.0 0.0 0.0

o cube16 cube 7500.0
0.39 0.58 0.93
17 185 -16
8 75 17
0.0 0.0 0.0
0.0 0.0 0.0

o sphere16 sphere 7500.0
1.0 0.0 0.0
-19 190 -19
85 53 90
0.0 0.0 0.0
0.0 0.0 0.0

o sphere16 sphere 7500.0
1.0 0.0 0.0
19 190 -19
85 53 90
0.0 0.0 0.0
0.0 0.0 0.0

o icostone16 icostone 7500.0
0.96 0.96 0.96
-19 190 -17
75 46 43
0.0 0.0 0.0
0.0 0.0 0.0

o icostone16 icostone 7500.0
0.96 0.96 0.96
19 190 -17
75 46 43
0.0 0.0 0.0
0.0 0.0 0.0

o pyramid16 pyramid 8500.0
1.0 0.84 0.0
-19 195 -16
27 79 35
0.0 0.0 0.0
0.0 0.0 0.0

o pyramid16 pyramid 8500.0
1.0 0.84 0.0
19 195 -16
27 79 35
0.0 0.0 0.0
0.0 0.0 0.0

o cube17 cube 7500.0
0.39 0.58 0.93
-18 195 -18
38 38 87
0.0 0.0 0.0
0.0 0.0 0.0

o cube17 cube 7500.0
0.39 0.58 0.93
18 195 -18
38 38 87
0.0 0.0 0.0
0.0 0.0 0.0

o cube17 cube 7500.0
0.39 0.58 0.93
-20 195 -18
9 61 23
0.0 0.0 0.0
0.0 0.0 0.0

o cube17 cube 7500.0
0.39 0.58 0.93
20 195 -18
9 61 23
0.0 0.0 0.0
0.0 0.0 0.0

o cube17 cube 7500.0
0.39 0.58 0.93
-16 195 -14
30 56 31
0.0 0.0 0.0
0.0 0.0 0.0

o cube17 cube 7500.0
0.39 0.58 0.93
16 195 -14
30 56 31
0.0 0.0 0.0
0.0 0.0 0.0

o cube17 cube 7500.0
0.39 0.58 0.93
-18 195 -17
64 8 16
0.0 0.0 0.0
0.0 0.0 0.0

o cube17 cube 7500.0
0.39 0.58 0.93
18 195 -17
64 8 16
0.0 0.0 0.0
0.0 0.0 0.0

o sphere17 sphere 7500.0
1.0 0.0 0.0
-21 200 -20
65 20 80
0.0 0.0 0.0
0.0 0.0 0.0

o sphere17 sphere 7500.0
1.0 0.0 0.0
21 200 -20
65 20 80
0.0 0.0 0.0
0.0 0.0 0.0

o icostone17 icostone 7500.0
0.96 0.96 0.96
-18 200 -16
71 41 23
0.0 0.0 0.0
0.0 0.0 0.0

o icostone17 icostone 7500.0
0.96 0.96 0.96
18 200 -16
71 41 23
0.0 0.0 0.0
0.0 0.0 0.0

o pyramid17 pyramid 8500.0
1.0 0.84 0.0
-18 205 -17
61 87 22
0.0 0.0 0.0
0.0 0.0 0.0

o pyramid17 pyramid 8500.0
1.0 0.84 0.0
18 205 -17
61 87 22
0.0 0.0 0.0
0.0 0.0 0.0

o cube18 cube 7500.0
0.39 0.58 0.93
-18 205 -18
65 23 62
0.0 0.0 0.0
0.0 0.0 0.0

o cube18 cube 7500.0
0.39 0.58 0.93
18 205 -18
65 23 62
0.0 0.0 0.0
0.0 0.0 0.0

o cube18 cube 7500.0
0.39 0.58 0.93
-21 205 -18
57 20 78
0.0 0.0 0.0
0.0 0.0 0.0

o cube18 cube 7500.0
0.39 0.58 0.93
21 205 -18
57 20 78
0.0 0.0 0.0
0.0 0.0 0.0

o cube18 cube 7500.0
0.39 0.58 0.93
-15 205 -15
42 82 81
0.0 0.0 0.0
0.0 0.0 0.0

o cube18 cube 7500.0
0.39 0.58 0.93
15 205 -15
42 82 81
0.0 0.0 0.0
0.0 0.0 0.0

o cube18 cube 7500.0
0.39 0.58 0.93
-18 205 -15
81 6 50
0.0 0.0 0.0
0.0 0.0 0.0

o cube18 cube 7500.0
0.39 0.58 0.93
18 205 -15
81 6 50
0.0 0.0 0.0
0.0 0.0 0.0

o sphere18 sphere 7500.0
1.0 0.0 0.0
-19 210 -20
27 54 58
0.0 0.0 0.0
0.0 0.0 0.0

o sphere18 sphere 7500.0
1.0 0.0 0.0
19 210 -20
27 54 58
0.0 0.0 0.0
0.0 0.0 0.0

o icostone18 icostone 7500.0
0.96 0.96 0.96
-19 210 -16
13 23 38
0.0 0.0 0.0
0.0 0.0 0.0

o icostone18 icostone 7500.0
0.96 0.96 0.96
19 210 -16
13 23 38
0.0 0.0 0.0
0.0 0.0 0.0

o pyramid18 pyramid 8500.0
1.0 0.84 0.0
-18 215 -18
50 16 5
0.0 0.0 0.0
0.0 0.0 0.0

o pyramid18 pyramid 8500.0
1.0 0.84 0.0
18 215 -18
50 16 5
0.0 0.0 0.0
0.0 0.0 0.0

o cube19 cube 7500.0
0.39 0.58 0.93
-19 215 -17
90 65 80
0.0 0.0 0.0
0.0 0.0 0.0

o cube19 cube 7500.0
0.39 0.58 0.93
19 215 -17
90 65 80
0.0 0.0 0.0
0.0 0.0 0.0

o cube19 cube 7500.0
0.39 0.58 0.93
-19 215 -18
36 5 8
0.0 0.0 0.0
0.0 0.0 0.0

o cube19 cube 7500.0
0.39 0.58 0.93
19 215 -18
36 5 8
0.0 0.0 0.0
0.0 0.0 0.0

o cube19 cube 7500.0
0.39 0.58 0.93
-16 215 -13
18 64 4
0.0 0.0 0.0
0.0 0.0 0.0

o cube19 cube 7500.0
0.39 0.58 0.93
16 215 -13
18 64 4
0.0 0.0 0.0
0.0 0.0 0.0

o cube19 cube 7500.0
0.39 0.58 0.93
-18 215 -16
58 40 7
0.0 0.0 0.0
0.0 0.0 0.0

o cube19 cube 7500.0
0.39 0.58 0.93
18 215 -16
58 40 7
0.0 0.0 0.0
0.0 0.0 0.0

o sphere19 sphere 7500.0
1.0 0.0 0.0
-21 220 -18
66 38 74
0.0 0.0 0.0
0.0 0.0 0.0

o sphere19 sphere 7500.0
1.0 0.0 0.0
21 220 -18
66 38 74
0.0 0.0 0.0
0.0 0.0 0.0

o icostone19 icostone 7500.0
0.96 0.96 0.96
-17 220 -18
41 89 22
0.0 0.0 0.0
0.0 0.0 0.0

o icostone19 icostone 7500.0
0.96 0.96 0.96
17 220 -18
41 89 22
0.0 0.0 0.0
0.0 0.0 0.0

o pyramid19 pyramid 8500.0
1.0 0.84 0.0
-18 225 -18
30 77 47
0.0 0.0 0.0
0.0 0.0 0.0

o pyramid19 pyramid 8500.0
1.0 0.84 0.0
18 225 -18
30 77 47
0.0 0.0 0.0
0.0 0.0 0.0

o cube20 cube 7500.0
0.39 0.58 0.93
-19 225 -18
89 28 59
0.0 0.0 0.0
0.0 0.0 0.0

o cube20 cube 7500.0
0.39 0.58 0.93
19 225 -18
89 28 59
0.0 0.0 0.0
0.0 0.0 0.0

o cube20 cube 7500.0
0.39 0.58 0.93
-21 225 -20
69 74 47
0.0 0.0 0.0
0.0 0.0 0.0

o cube20 cube 7500.0
0.39 0.58 0.93
21 225 -20
69 74 47
0.0 0.0 0.0
0.0 0.0 0.0

o cube20 cube 7500.0
0.39 0.58 0.93
-16 225 -13
65 62 56
0.0 0.0 0.0
0.0 0.0 0.0

o cube20 cube 7500.0
0.39 0.58 0.93
16 225 -13
65 62 56
0.0 0.0 0.0
0.0 0.0 0.0

o cube20 cube 7500.0
0.39 0.58 0.93
-18 225 -17
44 40 67
0.0 0.0 0.0
0.0 0.0 0.0

o cube20 cube 7500.0
0.39 0.58 0.93
18 225 -17
44 40 67
0.0 0.0 0.0
0.0 0.0 0.0

o sphere20 sphere 7500.0
1.0 0.0 0.0
-21 230 -19
24 22 46
0.0 0.0 0.0
0.0 0.0 0.0

o sphere20 sphere 7500.0
1.0 0.0 0.0
21 230 -19
24 22 46
0.0 0.0 0.0
0.0 0.0 0.0

o icostone20 icostone 7500.0
0.96 0.96 0.96
-19 230 -17
34 87 62
0.0 0.0 0.0
0.0 0.0 0.0

o icostone20 icostone 7500.0
0.96 0.96 0.96
19 230 -17
34 87 62
0.0 0.0 0.0
0.0 0.0 0.0

o pyramid20 pyramid 8500.0
1.0 0.84 0.0
-19 235 -18
86 69 45
0.0 0.0 0.0
0.0 0.0 0.0

o pyramid20 pyramid 8500.0
1.0 0.84 0.0
19 235 -18
86 69 45
0.0 0.0 0.0
0.0 0.0 0.0

o cube21 cube 7500.0
0.39 0.58 0.93
-17 235 -16
1 28 14
0.0 0.0 0.0
0.0 0.0 0.0

o cube21 cube 7500.0
0.39 0.58 0.93
17 235 -16
1 28 14
0.0 0.0 0.0
0.0 0.0 0.0

o cube21 cube 7500.0
0.39 0.58 0.93
-19 235 -18
86 79 31
0.0 0.0 0.0
0.0 0.0 0.0

o cube21 cube 7500.0
0.39 0.58 0.93
19 235 -18
86 79 31
0.0 0.0 0.0
0.0 0.0 0.0

o cube21 cube 7500.0
0.39 0.58 0.93
-14 235 -15
44 41 40
0.0 0.0 0.0
0.0 0.0 0.0

o cube21 cube 7500.0
0.39 0.58 0.93
14 235 -15
44 41 40
0.0 0.0 0.0
0.0 0.0 0.0

o cube21 cube 7500.0
0.39 0.58 0.93
-18 235 -17
28 29 18
0.0 0.0 0.0
0.0 0.0 0.0

o cube21 cube 7500.0
0.39 0.58 0.93
18 235 -17
28 29 18
0.0 0.0 0.0
0.0 0.0 0.0

o sphere21 sphere 7500.0
1.0 0.0 0.0
-21 240 -20
41 32 53
0.0 0.0 0.0
0.0 0.0 0.0

o sphere21 sphere 7500.0
1.0 0.0 0.0
21 240 -20
41 32 53
0.0 0.0 0.0
0.0 0.0 0.0

o icostone21 icostone 7500.0
0.96 0.96 0.96
-19 240 -17
49 40 20
0.0 0.0 0.0
0.0 0.0 0.0

o icostone21 icostone 7500.0
0.96 0.96 0.96
19 240 -17
49 40 20
0.0 0.0 0.0
0.0 0.0 0.0

o pyramid21 pyramid 8500.0
1.0 0.84 0.0
-19 245 -16
17 79 12
0.0 0.0 0.0
0.0 0.0 0.0

o pyramid21 pyramid 8500.0
1.0 0.84 0.0
19 245 -16
17 79 12
0.0 0.0 0.0
0.0 0.0 0.0

o cube22 cube 7500.0
0.39 0.58 0.93
-19 245 -17
58 5 31
0.0 0.0 0.0
0.0 0.0 0.0

o cube22 cube 7500.0
0.39 0.58 0.93
19 245 -17
58 5 31
0.0 0.0 0.0
0.0 0.0 0.0

o cube22 cube 7500.0
0.39 0.58 0.93
-19 245 -20
43 30 14
0.0 0.0 0.0
0.0 0.0 0.0

o cube22 cube 7500.0
0.39 0.58 0.93
19 245 -20
43 30 14
0.0 0.0 0.0
0.0 0.0 0.0

o cube22 cube 7500.0
0.39 0.58 0.93
-16 245 -13
57 4 22
0.0 0.0 0.0
0.0 0.0 0.0

o cube22 cube 7500.0
0.39 0.58 0.93
16 245 -13
57 4 22
0.0 0.0 0.0
0.0 0.0 0.0

o cube22 cube 7500.0
0.39 0.58 0.93
-16 245 -17
72 20 32
0.0 0.0 0.0
0.0 0.0 0.0

o cube22 cube 7500.0
0.39 0.58 0.93
16 245 -17
72 20 32
0.0 0.0 0.0
0.0 0.0 0.0

o sphere22 sphere 7500.0
1.0 0.0 0.0
-21 250 -18
46 77 67
0.0 0.0 0.0
0.0 0.0 0.0

o sphere22 sphere 7500.0
1.0 0.0 0.0
21 250 -18
46 77 67
0.0 0.0 0.0
0.0 0.0 0.0

o icostone22 icostone 7500.0
0.96 0.96 0.96
-17 250 -16
17 42 47
0.0 0.0 0.0
0.0 0.0 0.0

o icostone22 icostone 7500.0
0.96 0.96 0.96
17 250 -16
17 42 47
0.0 0.0 0.0
0.0 0.0 0.0

o pyramid22 pyramid 8500.0
1.0 0.84 0.0
-17 255 -17
41 62 8
0.0 0.0 0.0
0.0 0.0 0.0

o pyramid22 pyramid 8500.0
1.0 0.84 0.0
17 255 -17
41 62 8
0.0 0.0 0.0
0.0 0.0 0.0

o cube23 cube 7500.0
0.39 0.58 0.93
-18 255 -17
83 3 63
0.0 0.0 0.0
0.0 0.0 0.0

o cube23 cube 7500.0
0.39 0.58 0.93
18 255 -17
83 3 63
0.0 0.0 0.0
0.0 0.0 0.0

o cube23 cube 7500.0
0.39 0.58 0.93
-20 255 -18
21 79 56
0.0 0.0 0.0
0.0 0.0 0.0

o cube23 cube 7500.0
0.39 0.58 0.93
20 255 -18
21 79 56
0.0 0.0 0.0
0.0 0.0 0.0

o cube23 cube 7500.0
0.39 0.58 0.93
-16 255 -14
3 7 80
0.0 0.0 0.0
0.0 0.0 0.0

o cube23 cube 7500.0
0.39 0.58 0.93
16 255 -14
3 7 80
0.0 0.0 0.0
0.0 0.0 0.0

o cube23 cube 7500.0
0.39 0.58 0.93
-18 255 -15
39 5 30
0.0 0.0 0.0
0.0 0.0 0.0

o cube23 cube 7500.0
0.39 0.58 0.93
18 255 -15
39 5 30
0.0 0.0 0.0
0.0 0.0 0.0

o sphere23 sphere 7500.0
1.0 0.0 0.0
-19 260 -19
59 34 0
0.0 0.0 0.0
0.0 0.0 0.0

o sphere23 sphere 7500.0
1.0 0.0 0.0
19 260 -19
59 34 0
0.0 0.0 0.0
0.0 0.0 0.0

o icostone23 icostone 7500.0
0.96 0.96 0.96
-19 260 -17
67 70 64
0.0 0.0 0.0
0.0 0.0 0.0

o icostone23 icostone 7500.0
0.96 0.96 0.96
19 260 -17
67 70 64
0.0 0.0 0.0
0.0 0.0 0.0

o pyramid23 pyramid 8500.0
1.0 0.84 0.0
-17 265 -18
85 29 73
0.0 0.0 0.0
0.0 0.0 0.0

o pyramid23 pyramid 8500.0
1.0 0.84 0.0
17 265 -18
85 29 73
0.0 0.0 0.0
0.0 0.0 0.0

o cube24 cube 7500.0
0.39 0.58 0.93
-19 265 -17
72 60 4
0.0 0.0 0.0
0.0 0.0 0.0

o cube24 cube 7500.0
0.39 0.58 0.93
19 265 -17
72 60 4
0.0 0.0 0.0
0.0 0.0 0.0

o cube24 cube 7500.0
0.39 0.58 0.93
-20 265 -18
32 82 27
0.0 0.0 0.0
0.0 0.0 0.0

o cube24 cube 7500.0
0.39 0.58 0.93
20 265 -18
32 82 27
0.0 0.0 0.0
0.0 0.0 0.0

o cube24 cube 7500.0
0.39 0.58 0.93
-15 265 -14
59 23 24
0.0 0.0 0.0
0.0 0.0 0.0

o cube24 cube 7500.0
0.39 0.58 0.93
15 265 -14
59 23 24
0.0 0.0 0.0
0.0 0.0 0.0

o cube24 cube 7500.0
0.39 0.58 0.93
-18 265 -17
57 73 67
0.0 0.0 0.0
0.0 0.0 0.0

o cube24 cube 7500.0
0.39 0.58 0.93
18 265 -17
57 73 67
0.0 0.0 0.0
0.0 0.0 0.0

o sphere24 sphere 7500.0
1.0 0.0 0.0
-20 270 -18
64 12 69
0.0 0.0 0.0
0.0 0.0 0.0

o sphere24 sphere 7500.0
1.0 0.0 0.0
20 270 -18
64 12 69
0.0 0.0 0.0
0.0 0.0 0.0

o icostone24 icostone 7500.0
0.96 0.96 0.96
-18 270 -18
8 7 3
0.0 0.0 0.0
0.0 0.0 0.0

o icostone24 icostone 7500.0
0.96 0.96 0.96
18 270 -18
8 7 3
0.0 0.0 0.0
0.0 0.0 0.0

o pyramid24 pyramid 8500.0
1.0 0.84 0.0
-19 275 -16
7 77 9
0.0 0.0 0.0
0.0 0.0 0.0

o pyramid24 pyramid 8500.0
1.0 0.84 0.0
19 275 -16
7 77 9
0.0 0.0 0.0
0.0 0.0 0.0

o cube25 cube 7500.0
0.39 0.58 0.93
-17 275 -18
80 38 51
0.0 0.0 0.0
0.0 0.0 0.0

o cube25 cube 7500.0
0.39 0.58 0.93
17 275 -18
80 38 51
0.0 0.0 0.0
0.0 0.0 0.0

o cube25 cube 7500.0
0.39 0.58 0.93
-19 275 -18
44 16 23
0.0 0.0 0.0
0.0 0.0 0.0

o cube25 cube 7500.0
0.39 0.58 0.93
19 275 -18
44 16 23
0.0 0.0 0.0
0.0 0.0 0.0

o cube25 cube 7500.0
0.39 0.58 0.93
-16 275 -13
55 73 38
0.0 0.0 0.0
0.0 0.0 0.0

o cube25 cube 7500.0
0.39 0.58 0.93
16 275 -13
55 73 38
0.0 0.0 0.0
0.0 0.0 0.0

o cube25 cube 7500.0
0.39 0.58 0.93
-17 275 -17
40 46 66
0.0 0.0 0.0
0.0 0.0 0.0

o cube25 cube 7500.0
0.39 0.58 0.93
17 275 -17
40 46 66
0.0 0.0 0.0
0.0 0.0 0.0

o sphere25 sphere 7500.0
1.0 0.0 0.0
-20 280 -19
46 59 32
0.0 0.0 0.0
0.0 0.0 0.0

o sphere25 sphere 7500.0
1.0 0.0 0.0
20 280 -19
46 59 32
0.0 0.0 0.0
0.0 0.0 0.0

o icostone25 icostone 7500.0
0.96 0.96 0.96
-19 280 -17
22 49 58
0.0 0.0 0.0
0.0 0.0 0.0

o icostone25 icostone 7500.0
0.96 0.96 0.96
19 280 -17
22 49 58
0.0 0.0 0.0
0.0 0.0 0.0

o pyramid25 pyramid 8500.0
1.0 0.84 0.0
-19 285 -16
11 76 17
0.0 0.0 0.0
0.0 0.0 0.0

o pyramid25 pyramid 8500.0
1.0 0.84 0.0
19 285 -16
11 76 17
0.0 0.0 0.0
0.0 0.0 0.0

o cube26 cube 7500.0
0.39 0.58 0.93
-19 285 -18
36 77 0
0.0 0.0 0.0
0.0 0.0 0.0

o cube26 cube 7500.0
0.39 0.58 0.93
19 285 -18
36 77 0
0.0 0.0 0.0
0.0 0.0 0.0

o cube26 cube 7500.0
0.39 0.58 0.93
-21 285 -19
69 5 53
0.0 0.0 0.0
0.0 0.0 0.0

o cube26 cube 7500.0
0.39 0.58 0.93
21 285 -19
69 5 53
0.0 0.0 0.0
0.0 0.0 0.0

o cube26 cube 7500.0
0.39 0.58 0.93
-16 285 -14
58 80 16
0.0 0.0 0.0
0.0 0.0 0.0

o cube26 cube 7500.0
0.39 0.58 0.93
16 285 -14
58 80 16
0.0 0.0 0.0
0.0 0.0 0.0

o cube26 cube 7500.0
0.39 0.58 0.93
-17 285 -17
2 50 54
0.0 0.0 0.0
0.0 0.0 0.0

o cube26 cube 7500.0
0.39 0.58 0.93
17 285 -17
2 50 54
0.0 0.0 0.0
0.0 0.0 0.0

o sphere26 sphere 7500.0
1.0 0.0 0.0
-21 290 -19
23 24 17
0.0 0.0 0.0
0.0 0.0 0.0

o sphere26 sphere 7500.0
1.0 0.0 0.0
21 290 -19
23 24 17
0.0 0.0 0.0
0.0 0.0 0.0

o icostone26 icostone 7500.0
0.96 0.96 0.96
-18 290 -18
19 85 47
0.0 0.0 0.0
0.0 0.0 0.0

o icostone26 icostone 7500.0
0.96 0.96 0.96
18 290 -18
19 85 47
0.0 0.0 0.0
0.0 0.0 0.0

o pyramid26 pyramid 8500.0
1.0 0.84 0.0
-19 295 -17
68 11 26
0.0 0.0 0.0
0.0 0.0 0.0

o pyramid26 pyramid 8500.0
1.0 0.84 0.0
19 295 -17
68 11 26
0.0 0.0 0.0
0.0 0.0 0.0

o cube27 cube 7500.0
0.39 0.58 0.93
-18 295 -17
43 49 70
0.0 0.0 0.0
0.0 0.0 0.0

o cube27 cube 7500.0
0.39 0.58 0.93
18 295 -17
43 49 70
0.0 0.0 0.0
0.0 0.0 0.0

o cube27 cube 7500.0
0.39 0.58 0.93
-20 295 -20
8 77 45
0.0 0.0 0.0
0.0 0.0 0.0

o cube27 cube 7500.0
0.39 0.58 0.93
20 295 -20
8 77 45
0.0 0.0 0.0
0.0 0.0 0.0

o cube27 cube 7500.0
0.39 0.58 0.93
-15 295 -13
76 33 50
0.0 0.0 0.0
0.0 0.0 0.0

o cube27 cube 7500.0
0.39 0.58 0.93
15 295 -13
76 33 50
0.0 0.0 0.0
0.0 0.0 0.0

o cube27 cube 7500.0
0.39 0.58 0.93
-17 295 -15
50 55 15
0.0 0.0 0.0
0.0 0.0 0.0

o cube27 cube 7500.0
0.39 0.58 0.93
17 295 -15
50 55 15
0.0 0.0 0.0
0.0 0.0 0.0

o sphere27 sphere 7500.0
1.0 0.0 0.0
-19 300 -19
16 28 38
0.0 0.0 0.0
0.0 0.0 0.0

o sphere27 sphere 7500.0
1.0 0.0 0.0
19 300 -19
16 28 38
0.0 0.0 0.0
0.0 0.0 0.0

o icostone27 icostone 7500.0
0.96 0.96 0.96
-17 300 -18
82 62 54
0.0 0.0 0.0
0.0 0.0 0.0

o icostone27 icostone 7500.0
0.96 0.96 0.96
17 300 -18
82 62 54
0.0 0.0 0.0
0.0 0.0 0.0

o pyramid27 pyramid 8500.0
1.0 0.84 0.0
-18 305 -16
17 66 35
0.0 0.0 0.0
0.0 0.0 0.0

o pyramid27 pyramid 8500.0
1.0 0.84 0.0
18 305 -16
17 66 35
0.0 0.0 0.0
0.0 0.0 0.0

o cube28 cube 7500.0
0.39 0.58 0.93
-18 305 -18
14 58 70
0.0 0.0 0.0
0.0 0.0 0.0

o cube28 cube 7500.0
0.39 0.58 0.93
18 305 -18
14 58 70
0.0 0.0 0.0
0.0 0.0 0.0

o cube28 cube 7500.0
0.39 0.58 0.93
-21 305 -18
66 16 25
0.0 0.0 0.0
0.0 0.0 0.0

o cube28 cube 7500.0
0.39 0.58 0.93
21 305 -18
66 16 25
0.0 0.0 0.0
0.0 0.0 0.0

o cube28 cube 7500.0
0.39 0.58 0.93
-15 305 -15
3 49 31
0.0 0.0 0.0
0.0 0.0 0.0

o cube28 cube 7500.0
0.39 0.58 0.93
15 305 -15
3 49 31
0.0 0.0 0.0
0.0 0.0 0.0

o cube28 cube 7500.0
0.39 0.58 0.93
-16 305 -16
36 57 51
0.0 0.0 0.0
0.0 0.0 0.0

o cube28 cube 7500.0
0.39 0.58 0.93
16 305 -16
36 57 51
0.0 0.0 0.0
0.0 0.0 0.0

o sphere28 sphere 7500.0
1.0 0.0 0.0
-20 310 -18
11 58 24
0.0 0.0 0.0
0.0 0.0 0.0

o sphere28 sphere 7500.0
1.0 0.0 0.0
20 310 -18
11 58 24
0.0 0.0 0.0
0.0 0.0 0.0

o icostone28 icostone 7500.0
0.96 0.96 0.96
-19 310 -17
80 5 78
0.0 0.0 0.0
0.0 0.0 0.0

o icostone28 icostone 7500.0
0.96 0.96 0.96
19 310 -17
80 5 78
0.0 0.0 0.0
0.0 0.0 0.0

o pyramid28 pyramid 8500.0
1.0 0.84 0.0
-17 315 -16
32 47 53
0.0 0.0 0.0
0.0 0.0 0.0

o pyramid28 pyramid 8500.0
1.0 0.84 0.0
17 315 -16
32 47 53
0.0 0.0 0.0
0.0 0.0 0.0

o cube29 cube 7500.0
0.39 0.58 0.93
-17 315 -16
29 35 62
0.0 0.0 0.0
0.0 0.0 0.0

o cube29 cube 7500.0
0.39 0.58 0.93
17 315 -16
29 35 62
0.0 0.0 0.0
0.0 0.0 0.0

o cube29 cube 7500.0
0.39 0.58 0.93
-19 315 -20
41 38 61
0.0 0.0 0.0
0.0 0.0 0.0

o cube29 cube 7500.0
0.39 0.58 0.93
19 315 -20
41 38 61
0.0 0.0 0.0
0.0 0.0 0.0

o cube29 cube 7500.0
0.39 0.58 0.93
-14 315 -13
62 38 17
0.0 0.0 0.0
0.0 0.0 0.0

o cube29 cube 7500.0
0.39 0.58 0.93
14 315 -13
62 38 17
0.0 0.0 0.0
0.0 0.0 0.0

o cube29 cube 7500.0
0.39 0.58 0.93
-18 315 -15
37 11 5
0.0 0.0 0.0
0.0 0.0 0.0

o cube29 cube 7500.0
0.39 0.58 0.93
18 315 -15
37 11 5
0.0 0.0 0.0
0.0 0.0 0.0

o sphere29 sphere 7500.0
1.0 0.0 0.0
-20 320 -19
0 55 61
0.0 0.0 0.0
0.0 0.0 0.0

o sphere29 sphere 7500.0
1.0 0.0 0.0
20 320 -19
0 55 61
0.0 0.0 0.0
0.0 0.0 0.0

o icostone29 icostone 7500.0
0.96 0.96 0.96
-18 320 -18
10 12 24
0.0 0.0 0.0
0.0 0.0 0.0

o icostone29 icostone 7500.0
0.96 0.96 0.96
18 320 -18
10 12 24
0.0 0.0 0.0
0.0 0.0 0.0

o pyramid29 pyramid 8500.0
1.0 0.84 0.0
-19 325 -17
50 3 49
0.0 0.0 0.0
0.0 0.0 0.0

o pyramid29 pyramid 8500.0
1.0 0.84 0.0
19 325 -17
50 3 49
0.0 0.0 0.0
0.0 0.0 0.0

o cube30 cube 7500.0
0.39 0.58 0.93
-17 325 -18
40 51 89
0.0 0.0 0.0
0.0 0.0 0.0

o cube30 cube 7500.0
0.39 0.58 0.93
17 325 -18
40 51 89
0.0 0.0 0.0
0.0 0.0 0.0

o cube30 cube 7500.0
0.39 0.58 0.93
-20 325 -18
50 14 85
0.0 0.0 0.0
0.0 0.0 0.0

o cube30 cube 7500.0
0.39 0.58 0.93
20 325 -18
50 14 85
0.0 0.0 0.0
0.0 0.0 0.0

o cube30 cube 7500.0
0.39 0.58 0.93
-16 325 -13
12 15 41
0.0 0.0 0.0
0.0 0.0 0.0

o cube30 cube 7500.0
0.39 0.58 0.93
16 325 -13
12 15 41
0.0 0.0 0.0
0.0 0.0 0.0

o cube30 cube 7500.0
0.39 0.58 0.93
-18 325 -16
75 62 19
0.0 0.0 0.0
0.0 0.0 0.0

o cube30 cube 7500.0
0.39 0.58 0.93
18 325 -16
75 62 19
0.0 0.0 0.0
0.0 0.0 0.0

o sphere30 sphere 7500.0
1.0 0.0 0.0
-21 330 -18
90 47 21
0.0 0.0 0.0
0.0 0.0 0.0

o sphere30 sphere 7500.0
1.0 0.0 0.0
21 330 -18
90 47 21
0.0 0.0 0.0
0.0 0.0 0.0

o icostone30 icostone 7500.0
0.96 0.96 0.96
-18 330 -16
76 46 41
0.0 0.0 0.0
0.0 0.0 0.0

o icostone30 icostone 7500.0
0.96 0.96 0.96
18 330 -16
76 46 41
0.0 0.0 0.0
0.0 0.0 0.0

o pyramid30 pyramid 8500.0
1.0 0.84 0.0
-17 335 -16
64 86 66
0.0 0.0 0.0
0.0 0.0 0.0

o pyramid30 pyramid 8500.0
1.0 0.84 0.0
17 335 -16
64 86 66
0.0 0.0 0.0
0.0 0.0 0.0

o cube31 cube 7500.0
0.39 0.58 0.93
-19 335 -17
69 76 10
0.0 0.0 0.0
0.0 0.0 0.0

o cube31 cube 7500.0
0.39 0.58 0.93
19 335 -17
69 76 10
0.0 0.0 0.0
0.0 0.0 0.0

o cube31 cube 7500.0
0.39 0.58 0.93
-19 335 -19
90 36 60
0.0 0.0 0.0
0.0 0.0 0.0

o cube31 cube 7500.0
0.39 0.58 0.93
19 335 -19
90 36 60
0.0 0.0 0.0
0.0 0.0 0.0

o cube31 cube 7500.0
0.39 0.58 0.93
-15 335 -14
54 39 53
0.0 0.0 0.0
0.0 0.0 0.0

o cube31 cube 7500.0
0.39 0.58 0.93
15 335 -14
54 39 53
0.0 0.0 0.0
0.0 0.0 0.0

o cube31 cube 7500.0
0.39 0.58 0.93
-16 335 -17
0 24 83
0.0 0.0 0.0
0.0 0.0 0.0

o cube31 cube 7500.0
0.39 0.58 0.93
16 335 -17
0 24 83
0.0 0.0 0.0
0.0 0.0 0.0

o sphere31 sphere 7500.0
1.0 0.0 0.0
-20 340 -20
82 57 88
0.0 0.0 0.0
0.0 0.0 0.0

o sphere31 sphere 7500.0
1.0 0.0 0.0
20 340 -20
82 57 88
0.0 0.0 0.0
0.0 0.0 0.0

o icostone31 icostone 7500.0
0.96 0.96 0.96
-19 340 -18
46 81 84
0.0 0.0 0.0
0.0 0.0 0.0

o icostone31 icostone 7500.0
0.96 0.96 0.96
19 340 -18
46 81 84
0.0 0.0 0.0
0.0 0.0 0.0

o pyramid31 pyramid 8500.0
1.0 0.84 0.0
-19 345 -17
46 17 4
0.0 0.0 0.0
0.0 0.0 0.0

o pyramid31 pyramid 8500.0
1.0 0.84 0.0
19 345 -17
46 17 4
0.0 0.0 0.0
0.0 0.0 0.0

o cube32 cube 7500.0
0.39 0.58 0.93
-18 345 -18
45 20 14
0.0 0.0 0.0
0.0 0.0 0.0

o cube32 cube 7500.0
0.39 0.58 0.93
18 345 -18
45 20 14
0.0 0.0 0.0
0.0 0.0 0.0

o cube32 cube 7500.0
0.39 0.58 0.93
-20 345 -18
51 48 85
0.0 0.0 0.0
0.0 0.0 0.0

o cube32 cube 7500.0
0.39 0.58 0.93
20 345 -18
51 48 85
0.0 0.0 0.0
0.0 0.0 0.0

o cube32 cube 7500.0
0.39 0.58 0.93
-15 345 -13
51 83 37
0.0 0.0 0.0
0.0 0.0 0.0

o cube32 cube 7500.0
0.39 0.58 0.93
15 345 -13
51 83 37
0.0 0.0 0.0
0.0 0.0 0.0

o cube32 cube 7500.0
0.39 0.58 0.93
-16 345 -17
52 78 82
0.0 0.0 0.0
0.0 0.0 0.0

o cube32 cube 7500.0
0.39 0.58 0.93
16 345 -17
52 78 82
0.0 0.0 0.0
0.0 0.0 0.0

o sphere32 sphere 7500.0
1.0 0.0 0.0
-20 350 -18
75 19 4
0.0 0.0 0.0
0.0 0.0 0.0

o sphere32 sphere 7500.0
1.0 0.0 0.0
20 350 -18
75 19 4
0.0 0.0 0.0
0.0 0.0 0.0

o icostone32 icostone 7500.0
0.96 0.96 0.96
-19 350 -18
54 33 73
0.0 0.0 0.0
0.0 0.0 0.0

o icostone32 icostone 7500.0
0.96 0.96 0.96
19 350 -18
54 33 73
0.0 0.0 0.0
0.0 0.0 0.0

o pyramid32 pyramid 8500.0
1.0 0.84 0.0
-18 355 -18
87 14 47
0.0 0.0 0.0
0.0 0.0 0.0

o pyramid32 pyramid 8500.0
1.0 0.84 0.0
18 355 -18
87 14 47
0.0 0.0 0.0
0.0 0.0 0.0

o cube33 cube 7500.0
0.39 0.58 0.93
-18 355 -17
18 68 55
0.0 0.0 0.0
0.0 0.0 0.0

o cube33 cube 7500.0
0.39 0.58 0.93
18 355 -17
18 68 55
0.0 0.0 0.0
0.0 0.0 0.0

o cube33 cube 7500.0
0.39 0.58 0.93
-21 355 -18
66 58 58
0.0 0.0 0.0
0.0 0.0 0.0

o cube33 cube 7500.0
0.39 0.58 0.93
21 355 -18
66 58 58
0.0 0.0 0.0
0.0 0.0 0.0

o cube33 cube 7500.0
0.39 0.58 0.93
-16 355 -15
39 28 18
0.0 0.0 0.0
0.0 0.0 0.0

o cube33 cube 7500.0
0.39 0.58 0.93
16 355 -15
39 28 18
0.0 0.0 0.0
0.0 0.0 0.0

o cube33 cube 7500.0
0.39 0.58 0.93
-16 355 -17
41 5 58
0.0 0.0 0.0
0.0 0.0 0.0

o cube33 cube 7500.0
0.39 0.58 0.93
16 355 -17
41 5 58
0.0 0.0 0.0
0.0 0.0 0.0

o sphere33 sphere 7500.0
1.0 0.0 0.0
-19 360 -19
27 16 48
0.0 0.0 0.0
0.0 0.0 0.0

o sphere33 sphere 7500.0
1.0 0.0 0.0
19 360 -19
27 16 48
0.0 0.0 0.0
0.0 0.0 0.0

o icostone33 icostone 7500.0
0.96 0.96 0.96
-18 360 -17
74 2 87
0.0 0.0 0.0
0.0 0.0 0.0

o icostone33 icostone 7500.0
0.96 0.96 0.96
18 360 -17
74 2 87
0.0 0.0 0.0
0.0 0.0 0.0

o pyramid33 pyramid 8500.0
1.0 0.84 0.0
-19 365 -17
55 69 90
0.0 0.0 0.0
0.0 0.0 0.0

o pyramid33 pyramid 8500.0
1.0 0.84 0.0
19 365 -17
55 69 90
0.0 0.0 0.0
0.0 0.0 0.0

o cube34 cube 7500.0
0.39 0.58 0.93
-18 365 -16
19 67 56
0.0 0.0 0.0
0.0 0.0 0.0

o cube34 cube 7500.0
0.39 0.58 0.93
18 365 -16
19 67 56
0.0 0.0 0.0
0.0 0.0 0.0

o cube34 cube 7500.0
0.39 0.58 0.93
-20 365 -20
10 34 52
0.0 0.0 0.0
0.0 0.0 0.0

o cube34 cube 7500.0
0.39 0.58 0.93
20 365 -20
10 34 52
0.0 0.0 0.0
0.0 0.0 0.0

o cube34 cube 7500.0
0.39 0.58 0.93
-16 365 -15
33 26 54
0.0 0.0 0.0
0.0 0.0 0.0

o cube34 cube 7500.0
0.39 0.58 0.93
16 365 -15
33 26 54
0.0 0.0 0.0
0.0 0.0 0.0

o cube34 cube 7500.0
0.39 0.58 0.93
-16 365 -16
24 51 52
0.0 0.0 0.0
0.0 0.0 0.0

o cube34 cube 7500.0
0.39 0.58 0.93
16 365 -16
24 51 52
0.0 0.0 0.0
0.0 0.0 0.0

o sphere34 sphere 7500.0
1.0 0.0 0.0
-21 370 -18
52 47 20
0.0 0.0 0.0
0.0 0.0 0.0

o sphere34 sphere 7500.0
1.0 0.0 0.0
21 370 -18
52 47 20
0.0 0.0 0.0
0.0 0.0 0.0

o icostone34 icostone 7500.0
0.96 0.96 0.96
-19 370 -18
20 17 44
0.0 0.0 0.0
0.0 0.0 0.0

o icostone34 icostone 7500.0
0.96 0.96 0.96
19 370 -18
20 17 44
0.0 0.0 0.0
0.0 0.0 0.0

o pyramid34 pyramid 8500.0
1.0 0.84 0.0
-17 375 -16
48 52 30
0.0 0.0 0.0
0.0 0.0 0.0

o pyramid34 pyramid 8500.0
1.0 0.84 0.0
17 375 -16
48 52 30
0.0 0.0 0.0
0.0 0.0 0.0

o cube35 cube 7500.0
0.39 0.58 0.93
-19 375 -17
83 38 38
0.0 0.0 0.0
0.0 0.0 0.0

o cube35 cube 7500.0
0.39 0.58 0.93
19 375 -17
83 38 38
0.0 0.0 0.0
0.0 0.0 0.0

o cube35 cube 7500.0
0.39 0.58 0.93
-21 375 -19
34 16 80
0.0 0.0 0.0
0.0 0.0 0.0

o cube35 cube 7500.0
0.39 0.58 0.93
21 375 -19
34 16 80
0.0 0.0 0.0
0.0 0.0 0.0

o cube35 cube 7500.0
0.39 0.58 0.93
-15 375 -13
29 9 10
0.0 0.0 0.0
0.0 0.0 0.0

o cube35 cube 7500.0
0.39 0.58 0.93
15 375 -13
29 9 10
0.0 0.0 0.0
0.0 0.0 0.0

o cube35 cube 7500.0
0.39 0.58 0.93
-18 375 -15
55 34 87
0.0 0.0 0.0
0.0 0.0 0.0

o cube35 cube 7500.0
0.39 0.58 0.93
18 375 -15
55 34 87
0.0 0.0 0.0
0.0 0.0 0.0

o sphere35 sphere 7500.0
1.0 0.0 0.0
-20 380 -19
59 16 14
0.0 0.0 0.0
0.0 0.0 0.0

o sphere35 sphere 7500.0
1.0 0.0 0.0
20 380 -19
59 16 14
0.0 0.0 0.0
0.0 0.0 0.0

o icostone35 icostone 7500.0
0.96 0.96 0.96
-19 380 -17
25 44 21
0.0 0.0 0.0
0.0 0.0 0.0

o icostone35 icostone 7500.0
0.96 0.96 0.96
19 380 -17
25 44 21
0.0 0.0 0.0
0.0 0.0 0.0

o pyramid35 pyramid 8500.0
1.0 0.84 0.0
-19 385 -17
25 37 9
0.0 0.0 0.0
0.0 0.0 0.0

o pyramid35 pyramid 8500.0
1.0 0.84 0.0
19 385 -17
25 37 9
0.0 0.0 0.0
0.0 0.0 0.0

o cube36 cube 7500.0
0.39 0.58 0.93
-18 385 -18
48 83 84
0.0 0.0 0.0
0.0 0.0 0.0

o cube36 cube 7500.0
0.39 0.58 0.93
18 385 -18
48 83 84
0.0 0.0 0.0
0.0 0.0 0.0

o cube36 cube 7500.0
0.39 0.58 0.93
-21 385 -19
50 48 49
0.0 0.0 0.0
0.0 0.0 0.0

o cube36 cube 7500.0
0.39 0.58 0.93
21 385 -19
50 48 49
0.0 0.0 0.0
0.0 0.0 0.0

o cube36 cube 7500.0
0.39 0.58 0.93
-14 385 -13
85 87 44
0.0 0.0 0.0
0.0 0.0 0.0

o cube36 cube 7500.0
0.39 0.58 0.93
14 385 -13
85 87 44
0.0 0.0 0.0
0.0 0.0 0.0

o cube36 cube 7500.0
0.39 0.58 0.93
-17 385 -15
53 24 19
0.0 0.0 0.0
0.0 0.0 0.0

o cube36 cube 7500.0
0.39 0.58 0.93
17 385 -15
53 24 19
0.0 0.0 0.0
0.0 0.0 0.0

o sphere36 sphere 7500.0
1.0 0.0 0.0
-19 390 -18
18 30 81
0.0 0.0 0.0
0.0 0.0 0.0

o sphere36 sphere 7500.0
1.0 0.0 0.0
19 390 -18
18 30 81
0.0 0.0 0.0
0.0 0.0 0.0

o icostone36 icostone 7500.0
0.96 0.96 0.96
-17 390 -16
35 74 44
0.0 0.0 0.0
0.0 0.0 0.0

o icostone36 icostone 7500.0
0.96 0.96 0.96
17 390 -16
35 74 44
0.0 0.0 0.0
0.0 0.0 0.0
