m h cube 	Models/cube.obj
m p plane 	Models/huge_plane.obj
m h cylinder 	Models/cylinder.obj
m h ramp	Models/ramp.obj
m s sphere	Models/sphere_smooth.obj 1.0
m h icostone	Models/long_icosphere.obj
m h pyramid	Models/pyramid.obj

o cube0 cube 7500.0
0.39 0.58 0.93
-17 25 -16
55 59 19
0.0 0.0 0.0
0.0 0.0 0.0

o cube0 cube 7500.0
0.39 0.58 0.93
-20 25 -18
56 76 26
0.0 0.0 0.0
0.0 0.0 0.0

o sphere0 sphere 7500.0
1.0 0.0 0.0
-21 30 -20
76 42 83
0.0 0.0 0.0
0.0 0.0 0.0

o icostone0 icostone 7500.0
0.96 0.96 0.96
-17 30 -17
21 67 4
0.0 0.0 0.0
0.0 0.0 0.0

o pyramid0 pyramid 8500.0
1.0 0.84 0.0
-19 35 -18
80 19 62
0.0 0.0 0.0
0.0 0.0 0.0

o cube1 cube 7500.0
0.39 0.58 0.93
-18 35 -18
61 57 62
0.0 0.0 0.0
0.0 0.0 0.0

o cube1 cube 7500.0
0.39 0.58 0.93
-21 35 -18
29 49 72
0.0 0.0 0.0
0.0 0.0 0.0

o sphere1 sphere 7500.0
1.0 0.0 0.0
-20 40 -20
0 66 18
0.0 0.0 0.0
0.0 0.0 0.0

o icostone1 icostone 7500.0
0.96 0.96 0.96
-17 40 -18
18 19 30
0.0 0.0 0.0
0.0 0.0 0.0

o pyramid1 pyramid 8500.0
1.0 0.84 0.0
-17 45 -18
67 43 43
0.0 0.0 0.0
0.0 0.0 0.0

o cube2 cube 7500.0
0.39 0.58 0.93
-17 45 -16
84 17 88
0.0 0.0 0.0
0.0 0.0 0.0

o cube2 cube 7500.0
0.39 0.58 0.93
-20 45 -20
4 50 47
0.0 0.0 0.0
0.0 0.0 0.0

o sphere2 sphere 7500.0
1.0 0.0 0.0
-20 50 -20
77 15 22
0.0 0.0 0.0
0.0 0.0 0.0

o icostone2 icostone 7500.0
0.96 0.96 0.96
-18 50 -17
24 80 63
0.0 0.0 0.0
0.0 0.0 0.0

o pyramid2 pyramid 8500.0
1.0 0.84 0.0
-17 55 -18
56 73 86
0.0 0.0 0.0
0.0 0.0 0.0

o cube3 cube 7500.0
0.39 0.58 0.93
-17 55 -18
70 90 5
0.0 0.0 0.0
0.0 0.0 0.0

o cube3 cube 7500.0
0.39 0.58 0.93
-19 55 -20
60 10 25
0.0 0.0 0.0
0.0 0.0 0.0

o sphere3 sphere 7500.0
1.0 0.0 0.0
-21 60 -19
5 9 8
0.0 0.0 0.0
0.0 0.0 0.0

o icostone3 icostone 7500.0
0.96 0.96 0.96
-19 60 -18
56 77 39
0.0 0.0 0.0
0.0 0.0 0.0

o pyramid3 pyramid 8500.0
1.0 0.84 0.0
-18 65 -16
80 70 88
0.0 0.0 0.0
0.0 0.0 0.0

o cube4 cube 7500.0
0.39 0.58 0.93
-19 65 -16
89 45 83
0.0 0.0 0.0
0.0 0.0 0.0

o cube4 cube 7500.0
0.39 0.58 0.93
-19 65 -18
31 0 5
0.0 0.0 0.0
0.0 0.0 0.0

o sphere4 sphere 7500.0
1.0 0.0 0.0
-21 70 -20
79 82 53
0.0 0.0 0.0
0.0 0.0 0.0

o icostone4 icostone 7500.0
0.96 0.96 0.96
-19 70 -16
12 41 1
0.0 0.0 0.0
0.0 0.0 0.0

o pyramid4 pyramid 8500.0
1.0 0.84 0.0
-18 75 -18
61 60 72
0.0 0.0 0.0
0.0 0.0 0.0

o cube5 cube 7500.0
0.39 0.58 0.93
-17 75 -18
13 40 27
0.0 0.0 0.0
0.0 0.0 0.0

o cube5 cube 7500.0
0.39 0.58 0.93
-21 75 -19
15 43 66
0.0 0.0 0.0
0.0 0.0 0.0

o sphere5 sphere 7500.0
1.0 0.0 0.0
-20 80 -18
70 53 80
0.0 0.0 0.0
0.0 0.0 0.0

o icostone5 icostone 7500.0
0.96 0.96 0.96
-18 80 -16
89 21 9
0.0 0.0 0.0
0.0 0.0 0.0

o pyramid5 pyramid 8500.0
1.0 0.84 0.0
-17 85 -17
21 24 15
0.0 0.0 0.0
0.0 0.0 0.0

o cube6 cube 7500.0
0.39 0.58 0.93
-17 85 -17
24 33 17
0.0 0.0 0.0
0.0 0.0 0.0

o cube6 cube 7500.0
0.39 0.58 0.93
-21 85 -18
13 17 16
0.0 0.0 0.0
0.0 0.0 0.0

o sphere6 sphere 7500.0
1.0 0.0 0.0
-20 90 -20
51 72 62
0.0 0.0 0.0
0.0 0.0 0.0

o icostone6 icostone 7500.0
0.96 0.96 0.96
-19 90 -17
37 53 53
0.0 0.0 0.0
0.0 0.0 0.0

o pyramid6 pyramid 8500.0
1.0 0.84 0.0
-18 95 -16
1 46 9
0.0 0.0 0.0
0.0 0.0 0.0

o cube7 cube 7500.0
0.39 0.58 0.93
-19 95 -18
85 5 12
0.0 0.0 0.0
0.0 0.0 0.0

o cube7 cube 7500.0
0.39 0.58 0.93
-20 95 -18
53 28 88
0.0 0.0 0.0
0.0 0.0 0.0

o sphere7 sphere 7500.0
1.0 0.0 0.0
-21 100 -18
57 12 18
0.0 0.0 0.0
0.0 0.0 0.0

o icostone7 icostone 7500.0
0.96 0.96 0.96
-17 100 -17
78 62 6
0.0 0.0 0.0
0.0 0.0 0.0

o pyramid7 pyramid 8500.0
1.0 0.84 0.0
-19 105 -18
65 50 63
0.0 0.0 0.0
0.0 0.0 0.0

o cube8 cube 7500.0
0.39 0.58 0.93
-17 105 -16
7 34 70
0.0 0.0 0.0
0.0 0.0 0.0

o cube8 cube 7500.0
0.39 0.58 0.93
-21 105 -19
70 0 48
0.0 0.0 0.0
0.0 0.0 0.0

o sphere8 sphere 7500.0
1.0 0.0 0.0
-21 110 -19
20 65 31
0.0 0.0 0.0
0.0 0.0 0.0

o icostone8 icostone 7500.0
0.96 0.96 0.96
-17 110 -18
10 56 90
0.0 0.0 0.0
0.0 0.0 0.0

o pyramid8 pyramid 8500.0
1.0 0.84 0.0
-18 115 -18
12 77 39
0.0 0.0 0.0
0.0 0.0 0.0

o cube9 cube 7500.0
0.39 0.58 0.93
-19 115 -18
66 49 14
0.0 0.0 0.0
0.0 0.0 0.0

o cube9 cube 7500.0
0.39 0.58 0.93
-21 115 -20
24 72 50
0.0 0.0 0.0
0.0 0.0 0.0

o sphere9 sphere 7500.0
1.0 0.0 0.0
-20 120 -18
53 7 65
0.0 0.0 0.0
0.0 0.0 0.0

o icostone9 icostone 7500.0
0.96 0.96 0.96
-17 120 -16
81 41 82
0.0 0.0 0.0
0.0 0.0 0.0

o pyramid9 pyramid 8500.0
1.0 0.84 0.0
-17 125 -18
47 45 46
0.0 0.0 0.0
0.0 0.0 0.0

o cube10 cube 7500.0
0.39 0.58 0.93
-17 125 -18
66 35 35
0.0 0.0 0.0
0.0 0.0 0.0

o cube10 cube 7500.0
0.39 0.58 0.93
-21 125 -19
63 41 38
0.0 0.0 0.0
0.0 0.0 0.0

o sphere10 sphere 7500.0
1.0 0.0 0.0
-20 130 -18
2 41 51
0.0 0.0 0.0
0.0 0.0 0.0

o icostone10 icostone 7500.0
0.96 0.96 0.96
-19 130 -16
87 57 11
0.0 0.0 0.0
0.0 0.0 0.0

o pyramid10 pyramid 8500.0
1.0 0.84 0.0
-17 135 -18
46 70 1
0.0 0.0 0.0
0.0 0.0 0.0

o cube11 cube 7500.0
0.39 0.58 0.93
-17 135 -16
53 24 73
0.0 0.0 0.0
0.0 0.0 0.0

o cube11 cube 7500.0
0.39 0.58 0.93
-21 135 -18
24 58 52
0.0 0.0 0.0
0.0 0.0 0.0

o sphere11 sphere 7500.0
1.0 0.0 0.0
-20 140 -19
29 2 67
0.0 0.0 0.0
0.0 0.0 0.0

o icostone11 icostone 7500.0
0.96 0.96 0.96
-18 140 -17
43 4 6
0.0 0.0 0.0
0.0 0.0 0.0

o pyramid11 pyramid 8500.0
1.0 0.84 0.0
-17 145 -16
61 81 59
0.0 0.0 0.0
0.0 0.0 0.0

o cube12 cube 7500.0
0.39 0.58 0.93
-17 145 -18
2 40 27
0.0 0.0 0.0
0.0 0.0 0.0

o cube12 cube 7500.0
0.39 0.58 0.93
-20 145 -20
78 48 70
0.0 0.0 0.0
0.0 0.0 0.0

o sphere12 sphere 7500.0
1.0 0.0 0.0
-20 150 -18
60 32 22
0.0 0.0 0.0
0.0 0.0 0.0

o icostone12 icostone 7500.0
0.96 0.96 0.96
-19 150 -17
61 62 34
0.0 0.0 0.0
0.0 0.0 0.0

o pyramid12 pyramid 8500.0
1.0 0.84 0.0
-18 155 -17
28 11 27
0.0 0.0 0.0
0.0 0.0 0.0

o cube13 cube 7500.0
0.39 0.58 0.93
-17 155 -18
32 89 76
0.0 0.0 0.0
0.0 0.0 0.0

o cube13 cube 7500.0
0.39 0.58 0.93
-21 155 -19
79 5 72
0.0 0.0 0.0
0.0 0.0 0.0

o sphere13 sphere 7500.0
1.0 0.0 0.0
-20 160 -20
14 69 53
0.0 0.0 0.0
0.0 0.0 0.0

o icostone13 icostone 7500.0
0.96 0.96 0.96
-17 160 -17
63 2 33
0.0 0.0 0.0
0.0 0.0 0.0

o pyramid13 pyramid 8500.0
1.0 0.84 0.0
-17 165 -16
15 1 36
0.0 0.0 0.0
0.0 0.0 0.0

o cube14 cube 7500.0
0.39 0.58 0.93
-18 165 -17
77 26 45
0.0 0.0 0.0
0.0 0.0 0.0

o cube14 cube 7500.0
0.39 0.58 0.93
-20 165 -18
20 68 31
0.0 0.0 0.0
0.0 0.0 0.0

o sphere14 sphere 7500.0
1.0 0.0 0.0
-19 170 -20
71 32 1
0.0 0.0 0.0
0.0 0.0 0.0

o icostone14 icostone 7500.0
0.96 0.96 0.96
-17 170 -18
49 4 54
0.0 0.0 0.0
0.0 0.0 0.0

o pyramid14 pyramid 8500.0
1.0 0.84 0.0
-19 175 -16
13 82 83
0.0 0.0 0.0
0.0 0.0 0.0

o cube15 cube 7500.0
0.39 0.58 0.93
-19 175 -17
85 4 75
0.0 0.0 0.0
0.0 0.0 0.0

o cube15 cube 7500.0
0.39 0.58 0.93
-20 175 -20
31 10 20
0.0 0.0 0.0
0.0 0.0 0.0

o sphere15 sphere 7500.0
1.0 0.0 0.0
-20 180 -20
46 71 32
0.0 0.0 0.0
0.0 0.0 0.0

o icostone15 icostone 7500.0
0.96 0.96 0.96
-19 180 -16
75 3 48
0.0 0.0 0.0
0.0 0.0 0.0

o pyramid15 pyramid 8500.0
1.0 0.84 0.0
-17 185 -16
87 78 56
0.0 0.0 0.0
0.0 0.0 0.0

o cube16 cube 7500.0
0.39 0.58 0.93
-18 185 -16
34 84 29
0.0 0.0 0.0
0.0 0.0 0.0

o cube16 cube 7500.0
0.39 0.58 0.93
-21 185 -18
17 74 2
0.0 0.0 0.0
0.0 0.0 0.0

o sphere16 sphere 7500.0
1.0 0.0 0.0
-21 190 -19
42 87 77
0.0 0.0 0.0
0.0 0.0 0.0

o icostone16 icostone 7500.0
0.96 0.96 0.96
-18 190 -17
33 76 48
0.0 0.0 0.0
0.0 0.0 0.0

o pyramid16 pyramid 8500.0
1.0 0.84 0.0
-18 195 -18
33 66 20
0.0 0.0 0.0
0.0 0.0 0.0

o cube17 cube 7500.0
0.39 0.58 0.93
-17 195 -16
51 73 23
0.0 0.0 0.0
0.0 0.0 0.0

o cube17 cube 7500.0
0.39 0.58 0.93
-21 195 -19
77 27 79
0.0 0.0 0.0
0.0 0.0 0.0

o sphere17 sphere 7500.0
1.0 0.0 0.0
-21 200 -20
50 75 53
0.0 0.0 0.0
0.0 0.0 0.0

o icostone17 icostone 7500.0
0.96 0.96 0.96
-18 200 -16
59 5 26
0.0 0.0 0.0
0.0 0.0 0.0

o pyramid17 pyramid 8500.0
1.0 0.84 0.0
-18 205 -16
44 57 56
0.0 0.0 0.0
0.0 0.0 0.0

o cube18 cube 7500.0
0.39 0.58 0.93
-17 205 -17
4 90 36
0.0 0.0 0.0
0.0 0.0 0.0

o cube18 cube 7500.0
0.39 0.58 0.93
-20 205 -19
80 25 37
0.0 0.0 0.0
0.0 0.0 0.0

o sphere18 sphere 7500.0
1.0 0.0 0.0
-20 210 -20
17 7 72
0.0 0.0 0.0
0.0 0.0 0.0

o icostone18 icostone 7500.0
0.96 0.96 0.96
-18 210 -17
69 15 29
0.0 0.0 0.0
0.0 0.0 0.0

o pyramid18 pyramid 8500.0
1.0 0.84 0.0
-18 215 -16
47 21 22
0.0 0.0 0.0
0.0 0.0 0.0

o cube19 cube 7500.0
0.39 0.58 0.93
-17 215 -17
8 13 66
0.0 0.0 0.0
0.0 0.0 0.0

o cube19 cube 7500.0
0.39 0.58 0.93
-20 215 -19
81 2 29
0.0 0.0 0.0
0.0 0.0 0.0

o sphere19 sphere 7500.0
1.0 0.0 0.0
-21 220 -18
56 78 78
0.0 0.0 0.0
0.0 0.0 0.0

o icostone19 icostone 7500.0
0.96 0.96 0.96
-18 220 -16
77 32 38
0.0 0.0 0.0
0.0 0.0 0.0

o pyramid19 pyramid 8500.0
1.0 0.84 0.0
-17 225 -16
66 38 3
0.0 0.0 0.0
0.0 0.0 0.0

o cube20 cube 7500.0
0.39 0.58 0.93
-18 225 -17
14 25 17
0.0 0.0 0.0
0.0 0.0 0.0

o cube20 cube 7500.0
0.39 0.58 0.93
-20 225 -19
13 67 41
0.0 0.0 0.0
0.0 0.0 0.0

o sphere20 sphere 7500.0
1.0 0.0 0.0
-19 230 -19
33 67 0
0.0 0.0 0.0
0.0 0.0 0.0

o icostone20 icostone 7500.0
0.96 0.96 0.96
-18 230 -16
12 88 7
0.0 0.0 0.0
0.0 0.0 0.0

o pyramid20 pyramid 8500.0
1.0 0.84 0.0
-19 235 -17
30 84 15
0.0 0.0 0.0
0.0 0.0 0.0

o cube21 cube 7500.0
0.39 0.58 0.93
-17 235 -16
17 69 32
0.0 0.0 0.0
0.0 0.0 0.0

o cube21 cube 7500.0
0.39 0.58 0.93
-21 235 -19
65 16 49
0.0 0.0 0.0
0.0 0.0 0.0

o sphere21 sphere 7500.0
1.0 0.0 0.0
-21 240 -20
54 9 54
0.0 0.0 0.0
0.0 0.0 0.0

o icostone21 icostone 7500.0
0.96 0.96 0.96
-19 240 -18
71 22 84
0.0 0.0 0.0
0.0 0.0 0.0

o pyramid21 pyramid 8500.0
1.0 0.84 0.0
-19 245 -17
39 51 4
0.0 0.0 0.0
0.0 0.0 0.0

o cube22 cube 7500.0
0.39 0.58 0.93
-19 245 -17
77 81 16
0.0 0.0 0.0
0.0 0.0 0.0

o cube22 cube 7500.0
0.39 0.58 0.93
-21 245 -18
75 71 63
0.0 0.0 0.0
0.0 0.0 0.0

o sphere22 sphere 7500.0
1.0 0.0 0.0
-19 250 -18
27 65 59
0.0 0.0 0.0
0.0 0.0 0.0

o icostone22 icostone 7500.0
0.96 0.96 0.96
-17 250 -17
11 41 68
0.0 0.0 0.0
0.0 0.0 0.0

o pyramid22 pyramid 8500.0
1.0 0.84 0.0
-17 255 -16
35 23 14
0.0 0.0 0.0
0.0 0.0 0.0

o cube23 cube 7500.0
0.39 0.58 0.93
-17 255 -17
14 7 1
0.0 0.0 0.0
0.0 0.0 0.0

o cube23 cube 7500.0
0.39 0.58 0.93
-21 255 -18
35 11 68
0.0 0.0 0.0
0.0 0.0 0.0

o sphere23 sphere 7500.0
1.0 0.0 0.0
-20 260 -19
82 51 55
0.0 0.0 0.0
0.0 0.0 0.0

o icostone23 icostone 7500.0
0.96 0.96 0.96
-19 260 -16
1 57 78
0.0 0.0 0.0
0.0 0.0 0.0

o pyramid23 pyramid 8500.0
1.0 0.84 0.0
-19 265 -17
16 29 39
0.0 0.0 0.0
0.0 0.0 0.0

o cube24 cube 7500.0
0.39 0.58 0.93
-19 265 -17
82 74 64
0.0 0.0 0.0
0.0 0.0 0.0

o cube24 cube 7500.0
0.39 0.58 0.93
-21 265 -20
34 84 79
0.0 0.0 0.0
0.0 0.0 0.0

o sphere24 sphere 7500.0
1.0 0.0 0.0
-20 270 -19
8 75 17
0.0 0.0 0.0
0.0 0.0 0.0

o icostone24 icostone 7500.0
0.96 0.96 0.96
-19 270 -17
85 53 90
0.0 0.0 0.0
0.0 0.0 0.0

o pyramid24 pyramid 8500.0
1.0 0.84 0.0
-19 275 -17
75 46 43
0.0 0.0 0.0
0.0 0.0 0.0

o cube25 cube 7500.0
0.39 0.58 0.93
-19 275 -16
27 79 35
0.0 0.0 0.0
0.0 0.0 0.0

o cube25 cube 7500.0
0.39 0.58 0.93
-20 275 -18
38 38 87
0.0 0.0 0.0
0.0 0.0 0.0

o sphere25 sphere 7500.0
1.0 0.0 0.0
-20 280 -18
9 61 23
0.0 0.0 0.0
0.0 0.0 0.0

o icostone25 icostone 7500.0
0.96 0.96 0.96
-19 280 -17
30 56 31
0.0 0.0 0.0
0.0 0.0 0.0

o pyramid25 pyramid 8500.0
1.0 0.84 0.0
-17 285 -16
64 8 16
0.0 0.0 0.0
0.0 0.0 0.0

o cube26 cube 7500.0
0.39 0.58 0.93
-17 285 -16
65 20 80
0.0 0.0 0.0
0.0 0.0 0.0

o cube26 cube 7500.0
0.39 0.58 0.93
-20 285 -20
71 41 23
0.0 0.0 0.0
0.0 0.0 0.0

o sphere26 sphere 7500.0
1.0 0.0 0.0
-20 290 -19
61 87 22
0.0 0.0 0.0
0.0 0.0 0.0

o icostone26 icostone 7500.0
0.96 0.96 0.96
-18 290 -18
65 23 62
0.0 0.0 0.0
0.0 0.0 0.0

o pyramid26 pyramid 8500.0
1.0 0.84 0.0
-17 295 -18
57 20 78
0.0 0.0 0.0
0.0 0.0 0.0

o cube27 cube 7500.0
0.39 0.58 0.93
-18 295 -18
42 82 81
0.0 0.0 0.0
0.0 0.0 0.0

o cube27 cube 7500.0
0.39 0.58 0.93
-21 295 -18
81 6 50
0.0 0.0 0.0
0.0 0.0 0.0

o sphere27 sphere 7500.0
1.0 0.0 0.0
-19 300 -20
27 54 58
0.0 0.0 0.0
0.0 0.0 0.0

o icostone27 icostone 7500.0
0.96 0.96 0.96
-19 300 -16
13 23 38
0.0 0.0 0.0
0.0 0.0 0.0

o pyramid27 pyramid 8500.0
1.0 0.84 0.0
-18 305 -18
50 16 5
0.0 0.0 0.0
0.0 0.0 0.0

o cube28 cube 7500.0
0.39 0.58 0.93
-19 305 -17
90 65 80
0.0 0.0 0.0
0.0 0.0 0.0

o cube28 cube 7500.0
0.39 0.58 0.93
-19 305 -18
36 5 8
0.0 0.0 0.0
0.0 0.0 0.0

o sphere28 sphere 7500.0
1.0 0.0 0.0
-19 310 -20
18 64 4
0.0 0.0 0.0
0.0 0.0 0.0

o icostone28 icostone 7500.0
0.96 0.96 0.96
-17 310 -17
58 40 7
0.0 0.0 0.0
0.0 0.0 0.0

o pyramid28 pyramid 8500.0
1.0 0.84 0.0
-17 315 -18
66 38 74
0.0 0.0 0.0
0.0 0.0 0.0

o cube29 cube 7500.0
0.39 0.58 0.93
-17 315 -18
41 89 22
0.0 0.0 0.0
0.0 0.0 0.0

o cube29 cube 7500.0
0.39 0.58 0.93
-20 315 -18
30 77 47
0.0 0.0 0.0
0.0 0.0 0.0

o sphere29 sphere 7500.0
1.0 0.0 0.0
-19 320 -18
89 28 59
0.0 0.0 0.0
0.0 0.0 0.0

o icostone29 icostone 7500.0
0.96 0.96 0.96
-17 320 -16
69 74 47
0.0 0.0 0.0
0.0 0.0 0.0

o pyramid29 pyramid 8500.0
1.0 0.84 0.0
-19 325 -16
65 62 56
0.0 0.0 0.0
0.0 0.0 0.0

o cube30 cube 7500.0
0.39 0.58 0.93
-17 325 -16
44 40 67
0.0 0.0 0.0
0.0 0.0 0.0

o cube30 cube 7500.0
0.39 0.58 0.93
-21 325 -19
24 22 46
0.0 0.0 0.0
0.0 0.0 0.0

o sphere30 sphere 7500.0
1.0 0.0 0.0
-19 330 -19
34 87 62
0.0 0.0 0.0
0.0 0.0 0.0

o icostone30 icostone 7500.0
0.96 0.96 0.96
-19 330 -18
86 69 45
0.0 0.0 0.0
0.0 0.0 0.0

o pyramid30 pyramid 8500.0
1.0 0.84 0.0
-17 335 -16
1 28 14
0.0 0.0 0.0
0.0 0.0 0.0

o cube31 cube 7500.0
0.39 0.58 0.93
-19 335 -18
86 79 31
0.0 0.0 0.0
0.0 0.0 0.0

o cube31 cube 7500.0
0.39 0.58 0.93
-21 335 -18
44 41 40
0.0 0.0 0.0
0.0 0.0 0.0

o sphere31 sphere 7500.0
1.0 0.0 0.0
-21 340 -20
28 29 18
0.0 0.0 0.0
0.0 0.0 0.0

o icostone31 icostone 7500.0
0.96 0.96 0.96
-17 340 -16
41 32 53
0.0 0.0 0.0
0.0 0.0 0.0

o pyramid31 pyramid 8500.0
1.0 0.84 0.0
-19 345 -17
49 40 20
0.0 0.0 0.0
0.0 0.0 0.0

o cube32 cube 7500.0
0.39 0.58 0.93
-19 345 -16
17 79 12
0.0 0.0 0.0
0.0 0.0 0.0

o cube32 cube 7500.0
0.39 0.58 0.93
-19 345 -19
58 5 31
0.0 0.0 0.0
0.0 0.0 0.0

o sphere32 sphere 7500.0
1.0 0.0 0.0
-19 350 -20
43 30 14
0.0 0.0 0.0
0.0 0.0 0.0

o icostone32 icostone 7500.0
0.96 0.96 0.96
-19 350 -16
57 4 22
0.0 0.0 0.0
0.0 0.0 0.0

o pyramid32 pyramid 8500.0
1.0 0.84 0.0
-19 355 -16
72 20 32
0.0 0.0 0.0
0.0 0.0 0.0

o cube33 cube 7500.0
0.39 0.58 0.93
-17 355 -18
46 77 67
0.0 0.0 0.0
0.0 0.0 0.0

o cube33 cube 7500.0
0.39 0.58 0.93
-21 355 -20
17 42 47
0.0 0.0 0.0
0.0 0.0 0.0

o sphere33 sphere 7500.0
1.0 0.0 0.0
-21 360 -19
41 62 8
0.0 0.0 0.0
0.0 0.0 0.0

o icostone33 icostone 7500.0
0.96 0.96 0.96
-18 360 -17
83 3 63
0.0 0.0 0.0
0.0 0.0 0.0

o pyramid33 pyramid 8500.0
1.0 0.84 0.0
-18 365 -18
21 79 56
0.0 0.0 0.0
0.0 0.0 0.0

o cube34 cube 7500.0
0.39 0.58 0.93
-19 365 -17
3 7 80
0.0 0.0 0.0
0.0 0.0 0.0

o cube34 cube 7500.0
0.39 0.58 0.93
-21 365 -18
39 5 30
0.0 0.0 0.0
0.0 0.0 0.0

o sphere34 sphere 7500.0
1.0 0.0 0.0
-19 370 -19
59 34 0
0.0 0.0 0.0
0.0 0.0 0.0

o icostone34 icostone 7500.0
0.96 0.96 0.96
-19 370 -17
67 70 64
0.0 0.0 0.0
0.0 0.0 0.0

o pyramid34 pyramid 8500.0
1.0 0.84 0.0
-17 375 -18
85 29 73
0.0 0.0 0.0
0.0 0.0 0.0

o cube35 cube 7500.0
0.39 0.58 0.93
-19 375 -17
72 60 4
0.0 0.0 0.0
0.0 0.0 0.0

o cube35 cube 7500.0
0.39 0.58 0.93
-20 375 -18
32 82 27
0.0 0.0 0.0
0.0 0.0 0.0

o sphere35 sphere 7500.0
1.0 0.0 0.0
-20 380 -19
59 23 24
0.0 0.0 0.0
0.0 0.0 0.0

o icostone35 icostone 7500.0
0.96 0.96 0.96
-17 380 -16
57 73 67
0.0 0.0 0.0
0.0 0.0 0.0

o pyramid35 pyramid 8500.0
1.0 0.84 0.0
-18 385 -18
64 12 69
0.0 0.0 0.0
0.0 0.0 0.0

o cube36 cube 7500.0
0.39 0.58 0.93
-18 385 -18
8 7 3
0.0 0.0 0.0
0.0 0.0 0.0

o cube36 cube 7500.0
0.39 0.58 0.93
-19 385 -20
7 77 9
0.0 0.0 0.0
0.0 0.0 0.0

o sphere36 sphere 7500.0
1.0 0.0 0.0
-21 390 -18
80 38 51
0.0 0.0 0.0
0.0 0.0 0.0

o icostone36 icostone 7500.0
0.96 0.96 0.96
-19 390 -18
44 16 23
0.0 0.0 0.0
0.0 0.0 0.0

o pyramid36 pyramid 8500.0
1.0 0.84 0.0
-19 395 -16
55 73 38
0.0 0.0 0.0
0.0 0.0 0.0

o cube37 cube 7500.0
0.39 0.58 0.93
-18 395 -16
40 46 66
0.0 0.0 0.0
0.0 0.0 0.0

o cube37 cube 7500.0
0.39 0.58 0.93
-20 395 -19
46 59 32
0.0 0.0 0.0
0.0 0.0 0.0

o sphere37 sphere 7500.0
1.0 0.0 0.0
-19 400 -19
22 49 58
0.0 0.0 0.0
0.0 0.0 0.0

o icostone37 icostone 7500.0
0.96 0.96 0.96
-19 400 -16
11 76 17
0.0 0.0 0.0
0.0 0.0 0.0

o pyramid37 pyramid 8500.0
1.0 0.84 0.0
-19 405 -18
36 77 0
0.0 0.0 0.0
0.0 0.0 0.0

o cube38 cube 7500.0
0.39 0.58 0.93
-17 405 -17
69 5 53
0.0 0.0 0.0
0.0 0.0 0.0

o cube38 cube 7500.0
0.39 0.58 0.93
-19 405 -19
58 80 16
0.0 0.0 0.0
0.0 0.0 0.0

o sphere38 sphere 7500.0
1.0 0.0 0.0
-20 410 -20
2 50 54
0.0 0.0 0.0
0.0 0.0 0.0

o icostone38 icostone 7500.0
0.96 0.96 0.96
-17 410 -17
23 24 17
0.0 0.0 0.0
0.0 0.0 0.0

o pyramid38 pyramid 8500.0
1.0 0.84 0.0
-18 415 -18
19 85 47
0.0 0.0 0.0
0.0 0.0 0.0

o cube39 cube 7500.0
0.39 0.58 0.93
-19 415 -17
68 11 26
0.0 0.0 0.0
0.0 0.0 0.0

o cube39 cube 7500.0
0.39 0.58 0.93
-20 415 -19
43 49 70
0.0 0.0 0.0
0.0 0.0 0.0

o sphere39 sphere 7500.0
1.0 0.0 0.0
-20 420 -20
8 77 45
0.0 0.0 0.0
0.0 0.0 0.0

o icostone39 icostone 7500.0
0.96 0.96 0.96
-18 420 -16
76 33 50
0.0 0.0 0.0
0.0 0.0 0.0

o pyramid39 pyramid 8500.0
1.0 0.84 0.0
-18 425 -18
50 55 15
0.0 0.0 0.0
0.0 0.0 0.0

o cube40 cube 7500.0
0.39 0.58 0.93
-19 425 -17
16 28 38
0.0 0.0 0.0
0.0 0.0 0.0

o cube40 cube 7500.0
0.39 0.58 0.93
-21 425 -18
82 62 54
0.0 0.0 0.0
0.0 0.0 0.0

o sphere40 sphere 7500.0
1.0 0.0 0.0
-20 430 -20
17 66 35
0.0 0.0 0.0
0.0 0.0 0.0

o icostone40 icostone 7500.0
0.96 0.96 0.96
-18 430 -18
14 58 70
0.0 0.0 0.0
0.0 0.0 0.0

o pyramid40 pyramid 8500.0
1.0 0.84 0.0
-17 435 -18
66 16 25
0.0 0.0 0.0
0.0 0.0 0.0

o cube41 cube 7500.0
0.39 0.58 0.93
-18 435 -18
3 49 31
0.0 0.0 0.0
0.0 0.0 0.0

o cube41 cube 7500.0
0.39 0.58 0.93
-19 435 -19
36 57 51
0.0 0.0 0.0
0.0 0.0 0.0

o sphere41 sphere 7500.0
1.0 0.0 0.0
-20 440 -18
11 58 24
0.0 0.0 0.0
0.0 0.0 0.0

o icostone41 icostone 7500.0
0.96 0.96 0.96
-19 440 -17
80 5 78
0.0 0.0 0.0
0.0 0.0 0.0

o pyramid41 pyramid 8500.0
1.0 0.84 0.0
-17 445 -16
32 47 53
0.0 0.0 0.0
0.0 0.0 0.0

o cube42 cube 7500.0
0.39 0.58 0.93
-17 445 -16
29 35 62
0.0 0.0 0.0
0.0 0.0 0.0

o cube42 cube 7500.0
0.39 0.58 0.93
-19 445 -20
41 38 61
0.0 0.0 0.0
0.0 0.0 0.0

o sphere42 sphere 7500.0
1.0 0.0 0.0
-21 450 -20
62 38 17
0.0 0.0 0.0
0.0 0.0 0.0

o icostone42 icostone 7500.0
0.96 0.96 0.96
-17 450 -18
37 11 5
0.0 0.0 0.0
0.0 0.0 0.0

o pyramid42 pyramid 8500.0
1.0 0.84 0.0
-18 455 -17
0 55 61
0.0 0.0 0.0
0.0 0.0 0.0

o cube43 cube 7500.0
0.39 0.58 0.93
-18 455 -18
10 12 24
0.0 0.0 0.0
0.0 0.0 0.0

o cube43 cube 7500.0
0.39 0.58 0.93
-19 455 -19
50 3 49
0.0 0.0 0.0
0.0 0.0 0.0

o sphere43 sphere 7500.0
1.0 0.0 0.0
-21 460 -18
40 51 89
0.0 0.0 0.0
0.0 0.0 0.0

o icostone43 icostone 7500.0
0.96 0.96 0.96
-18 460 -18
50 14 85
0.0 0.0 0.0
0.0 0.0 0.0

o pyramid43 pyramid 8500.0
1.0 0.84 0.0
-19 465 -16
12 15 41
0.0 0.0 0.0
0.0 0.0 0.0

o cube44 cube 7500.0
0.39 0.58 0.93
-17 465 -17
75 62 19
0.0 0.0 0.0
0.0 0.0 0.0

o cube44 cube 7500.0
0.39 0.58 0.93
-21 465 -18
90 47 21
0.0 0.0 0.0
0.0 0.0 0.0

o sphere44 sphere 7500.0
1.0 0.0 0.0
-20 470 -20
76 46 41
0.0 0.0 0.0
0.0 0.0 0.0

o icostone44 icostone 7500.0
0.96 0.96 0.96
-17 470 -16
64 86 66
0.0 0.0 0.0
0.0 0.0 0.0

o pyramid44 pyramid 8500.0
1.0 0.84 0.0
-19 475 -17
69 76 10
0.0 0.0 0.0
0.0 0.0 0.0

o cube45 cube 7500.0
0.39 0.58 0.93
-19 475 -17
90 36 60
0.0 0.0 0.0
0.0 0.0 0.0

o cube45 cube 7500.0
0.39 0.58 0.93
-20 475 -19
54 39 53
0.0 0.0 0.0
0.0 0.0 0.0

o sphere45 sphere 7500.0
1.0 0.0 0.0
-19 480 -20
0 24 83
0.0 0.0 0.0
0.0 0.0 0.0

o icostone45 icostone 7500.0
0.96 0.96 0.96
-18 480 -16
82 57 88
0.0 0.0 0.0
0.0 0.0 0.0

o pyramid45 pyramid 8500.0
1.0 0.84 0.0
-19 485 -18
46 81 84
0.0 0.0 0.0
0.0 0.0 0.0

o cube46 cube 7500.0
0.39 0.58 0.93
-19 485 -17
46 17 4
0.0 0.0 0.0
0.0 0.0 0.0

o cube46 cube 7500.0
0.39 0.58 0.93
-20 485 -18
45 20 14
0.0 0.0 0.0
0.0 0.0 0.0

o sphere46 sphere 7500.0
1.0 0.0 0.0
-20 490 -18
51 48 85
0.0 0.0 0.0
0.0 0.0 0.0

o icostone46 icostone 7500.0
0.96 0.96 0.96
-18 490 -16
51 83 37
0.0 0.0 0.0
0.0 0.0 0.0

o pyramid46 pyramid 8500.0
1.0 0.84 0.0
-19 495 -16
52 78 82
0.0 0.0 0.0
0.0 0.0 0.0

o cube47 cube 7500.0
0.39 0.58 0.93
-18 495 -18
75 19 4
0.0 0.0 0.0
0.0 0.0 0.0

o cube47 cube 7500.0
0.39 0.58 0.93
-19 495 -18
54 33 73
0.0 0.0 0.0
0.0 0.0 0.0

o sphere47 sphere 7500.0
1.0 0.0 0.0
-20 500 -18
87 14 47
0.0 0.0 0.0
0.0 0.0 0.0

o icostone47 icostone 7500.0
0.96 0.96 0.96
-18 500 -17
18 68 55
0.0 0.0 0.0
0.0 0.0 0.0

o pyramid47 pyramid 8500.0
1.0 0.84 0.0
-17 505 -18
66 58 58
0.0 0.0 0.0
0.0 0.0 0.0

o cube48 cube 7500.0
0.39 0.58 0.93
-19 505 -18
39 28 18
0.0 0.0 0.0
0.0 0.0 0.0

o cube48 cube 7500.0
0.39 0.58 0.93
-19 505 -20
41 5 58
0.0 0.0 0.0
0.0 0.0 0.0

o sphere48 sphere 7500.0
1.0 0.0 0.0
-19 510 -19
27 16 48
0.0 0.0 0.0
0.0 0.0 0.0

o icostone48 icostone 7500.0
0.96 0.96 0.96
-18 510 -17
74 2 87
0.0 0.0 0.0
0.0 0.0 0.0

o pyramid48 pyramid 8500.0
1.0 0.84 0.0
-19 515 -17
55 69 90
0.0 0.0 0.0
0.0 0.0 0.0

o cube49 cube 7500.0
0.39 0.58 0.93
-18 515 -16
19 67 56
0.0 0.0 0.0
0.0 0.0 0.0

o cube49 cube 7500.0
0.39 0.58 0.93
-20 515 -20
10 34 52
0.0 0.0 0.0
0.0 0.0 0.0

o sphere49 sphere 7500.0
1.0 0.0 0.0
-19 520 -18
33 26 54
0.0 0.0 0.0
0.0 0.0 0.0

o icostone49 icostone 7500.0
0.96 0.96 0.96
-19 520 -17
24 51 52
0.0 0.0 0.0
0.0 0.0 0.0

o pyramid49 pyramid 8500.0
1.0 0.84 0.0
-17 525 -18
52 47 20
0.0 0.0 0.0
0.0 0.0 0.0

o cube50 cube 7500.0
0.39 0.58 0.93
-19 525 -18
20 17 44
0.0 0.0 0.0
0.0 0.0 0.0

o cube50 cube 7500.0
0.39 0.58 0.93
-21 525 -20
48 52 30
0.0 0.0 0.0
0.0 0.0 0.0

o sphere50 sphere 7500.0
1.0 0.0 0.0
-19 530 -19
83 38 38
0.0 0.0 0.0
0.0 0.0 0.0

o icostone50 icostone 7500.0
0.96 0.96 0.96
-17 530 -17
34 16 80
0.0 0.0 0.0
0.0 0.0 0.0

o pyramid50 pyramid 8500.0
1.0 0.84 0.0
-18 535 -16
29 9 10
0.0 0.0 0.0
0.0 0.0 0.0

o cube51 cube 7500.0
0.39 0.58 0.93
-17 535 -18
55 34 87
0.0 0.0 0.0
0.0 0.0 0.0

o cube51 cube 7500.0
0.39 0.58 0.93
-20 535 -19
59 16 14
0.0 0.0 0.0
0.0 0.0 0.0

o sphere51 sphere 7500.0
1.0 0.0 0.0
-19 540 -19
25 44 21
0.0 0.0 0.0
0.0 0.0 0.0

o icostone51 icostone 7500.0
0.96 0.96 0.96
-19 540 -17
25 37 9
0.0 0.0 0.0
0.0 0.0 0.0

o pyramid51 pyramid 8500.0
1.0 0.84 0.0
-18 545 -18
48 83 84
0.0 0.0 0.0
0.0 0.0 0.0

o cube52 cube 7500.0
0.39 0.58 0.93
-17 545 -17
50 48 49
0.0 0.0 0.0
0.0 0.0 0.0

o cube52 cube 7500.0
0.39 0.58 0.93
-21 545 -20
85 87 44
0.0 0.0 0.0
0.0 0.0 0.0

o sphere52 sphere 7500.0
1.0 0.0 0.0
-20 550 -18
53 24 19
0.0 0.0 0.0
0.0 0.0 0.0

o icostone52 icostone 7500.0
0.96 0.96 0.96
-19 550 -18
18 30 81
0.0 0.0 0.0
0.0 0.0 0.0

o pyramid52 pyramid 8500.0
1.0 0.84 0.0
-17 555 -16
35 74 44
0.0 0.0 0.0
0.0 0.0 0.0

o cube53 cube 7500.0
0.39 0.58 0.93
-17 555 -17
46 83 70
0.0 0.0 0.0
0.0 0.0 0.0

o cube53 cube 7500.0
0.39 0.58 0.93
-21 555 -18
58 81 50
0.0 0.0 0.0
0.0 0.0 0.0

o sphere53 sphere 7500.0
1.0 0.0 0.0
-21 560 -18
65 16 77
0.0 0.0 0.0
0.0 0.0 0.0

o icostone53 icostone 7500.0
0.96 0.96 0.96
-19 560 -18
53 56 15
0.0 0.0 0.0
0.0 0.0 0.0

o pyramid53 pyramid 8500.0
1.0 0.84 0.0
-17 565 -18
52 6 30
0.0 0.0 0.0
0.0 0.0 0.0

o cube54 cube 7500.0
0.39 0.58 0.93
-19 565 -18
9 32 23
0.0 0.0 0.0
0.0 0.0 0.0

o cube54 cube 7500.0
0.39 0.58 0.93
-21 565 -20
74 32 24
0.0 0.0 0.0
0.0 0.0 0.0

o sphere54 sphere 7500.0
1.0 0.0 0.0
-20 570 -19
12 13 56
0.0 0.0 0.0
0.0 0.0 0.0

o icostone54 icostone 7500.0
0.96 0.96 0.96
-19 570 -16
17 45 61
0.0 0.0 0.0
0.0 0.0 0.0

o pyramid54 pyramid 8500.0
1.0 0.84 0.0
-17 575 -17
18 66 61
0.0 0.0 0.0
0.0 0.0 0.0

o cube55 cube 7500.0
0.39 0.58 0.93
-18 575 -18
34 22 66
0.0 0.0 0.0
0.0 0.0 0.0

o cube55 cube 7500.0
0.39 0.58 0.93
-21 575 -20
59 15 76
0.0 0.0 0.0
0.0 0.0 0.0

o sphere55 sphere 7500.0
1.0 0.0 0.0
-20 580 -20
43 21 33
0.0 0.0 0.0
0.0 0.0 0.0

o icostone55 icostone 7500.0
0.96 0.96 0.96
-19 580 -16
44 10 22
0.0 0.0 0.0
0.0 0.0 0.0

o pyramid55 pyramid 8500.0
1.0 0.84 0.0
-17 585 -17
89 6 32
0.0 0.0 0.0
0.0 0.0 0.0

o cube56 cube 7500.0
0.39 0.58 0.93
-18 585 -17
7 41 52
0.0 0.0 0.0
0.0 0.0 0.0

o cube56 cube 7500.0
0.39 0.58 0.93
-21 585 -18
85 45 31
0.0 0.0 0.0
0.0 0.0 0.0

o sphere56 sphere 7500.0
1.0 0.0 0.0
-21 590 -18
90 71 51
0.0 0.0 0.0
0.0 0.0 0.0

o icostone56 icostone 7500.0
0.96 0.96 0.96
-17 590 -18
39 76 38
0.0 0.0 0.0
0.0 0.0 0.0

o pyramid56 pyramid 8500.0
1.0 0.84 0.0
-18 595 -18
7 65 84
0.0 0.0 0.0
0.0 0.0 0.0

o cube57 cube 7500.0
0.39 0.58 0.93
-19 595 -17
13 59 86
0.0 0.0 0.0
0.0 0.0 0.0

o cube57 cube 7500.0
0.39 0.58 0.93
-21 595 -20
16 35 71
0.0 0.0 0.0
0.0 0.0 0.0

o sphere57 sphere 7500.0
1.0 0.0 0.0
-21 600 -20
10 57 9
0.0 0.0 0.0
0.0 0.0 0.0

o icostone57 icostone 7500.0
0.96 0.96 0.96
-18 600 -16
80 20 48
0.0 0.0 0.0
0.0 0.0 0.0

o pyramid57 pyramid 8500.0
1.0 0.84 0.0
-19 605 -17
5 77 42
0.0 0.0 0.0
0.0 0.0 0.0

o cube58 cube 7500.0
0.39 0.58 0.93
-19 605 -18
20 55 11
0.0 0.0 0.0
0.0 0.0 0.0

o cube58 cube 7500.0
0.39 0.58 0.93
-20 605 -19
59 15 35
0.0 0.0 0.0
0.0 0.0 0.0

o sphere58 sphere 7500.0
1.0 0.0 0.0
-20 610 -19
11 31 43
0.0 0.0 0.0
0.0 0.0 0.0

o icostone58 icostone 7500.0
0.96 0.96 0.96
-18 610 -17
82 21 73
0.0 0.0 0.0
0.0 0.0 0.0

o pyramid58 pyramid 8500.0
1.0 0.84 0.0
-17 615 -17
43 19 30
0.0 0.0 0.0
0.0 0.0 0.0

o cube59 cube 7500.0
0.39 0.58 0.93
-17 615 -18
8 82 68
0.0 0.0 0.0
0.0 0.0 0.0

o cube59 cube 7500.0
0.39 0.58 0.93
-19 615 -18
6 30 72
0.0 0.0 0.0
0.0 0.0 0.0

o sphere59 sphere 7500.0
1.0 0.0 0.0
-21 620 -18
30 29 82
0.0 0.0 0.0
0.0 0.0 0.0

o icostone59 icostone 7500.0
0.96 0.96 0.96
-19 620 -16
72 0 53
0.0 0.0 0.0
0.0 0.0 0.0

o pyramid59 pyramid 8500.0
1.0 0.84 0.0
-19 625 -17
59 30 41
0.0 0.0 0.0
0.0 0.0 0.0

o cube60 cube 7500.0
0.39 0.58 0.93
-19 625 -18
63 40 11
0.0 0.0 0.0
0.0 0.0 0.0

o cube60 cube 7500.0
0.39 0.58 0.93
-19 625 -18
22 49 81
0.0 0.0 0.0
0.0 0.0 0.0

o sphere60 sphere 7500.0
1.0 0.0 0.0
-21 630 -19
25 7 39
0.0 0.0 0.0
0.0 0.0 0.0

o icostone60 icostone 7500.0
0.96 0.96 0.96
-17 630 -16
6 59 51
0.0 0.0 0.0
0.0 0.0 0.0

o pyramid60 pyramid 8500.0
1.0 0.84 0.0
-17 635 -18
59 42 45
0.0 0.0 0.0
0.0 0.0 0.0

o cube61 cube 7500.0
0.39 0.58 0.93
-18 635 -18
2 78 46
0.0 0.0 0.0
0.0 0.0 0.0

o cube61 cube 7500.0
0.39 0.58 0.93
-19 635 -19
26 20 77
0.0 0.0 0.0
0.0 0.0 0.0

o sphere61 sphere 7500.0
1.0 0.0 0.0
-21 640 -19
10 69 84
0.0 0.0 0.0
0.0 0.0 0.0

o icostone61 icostone 7500.0
0.96 0.96 0.96
-19 640 -17
39 89 15
0.0 0.0 0.0
0.0 0.0 0.0

o pyramid61 pyramid 8500.0
1.0 0.84 0.0
-18 645 -18
4 49 90
0.0 0.0 0.0
0.0 0.0 0.0

o cube62 cube 7500.0
0.39 0.58 0.93
-18 645 -16
81 67 52
0.0 0.0 0.0
0.0 0.0 0.0

o cube62 cube 7500.0
0.39 0.58 0.93
-19 645 -19
58 14 4
0.0 0.0 0.0
0.0 0.0 0.0

o sphere62 sphere 7500.0
1.0 0.0 0.0
-21 650 -18
51 0 66
0.0 0.0 0.0
0.0 0.0 0.0

o icostone62 icostone 7500.0
0.96 0.96 0.96
-19 650 -17
68 48 50
0.0 0.0 0.0
0.0 0.0 0.0

o pyramid62 pyramid 8500.0
1.0 0.84 0.0
-18 655 -17
47 82 26
0.0 0.0 0.0
0.0 0.0 0.0

o cube63 cube 7500.0
0.39 0.58 0.93
-17 655 -18
12 26 74
0.0 0.0 0.0
0.0 0.0 0.0

o cube63 cube 7500.0
0.39 0.58 0.93
-21 655 -19
23 43 13
0.0 0.0 0.0
0.0 0.0 0.0

o sphere63 sphere 7500.0
1.0 0.0 0.0
-21 660 -20
22 81 59
0.0 0.0 0.0
0.0 0.0 0.0

o icostone63 icostone 7500.0
0.96 0.96 0.96
-17 660 -16
56 20 70
0.0 0.0 0.0
0.0 0.0 0.0

o pyramid63 pyramid 8500.0
1.0 0.84 0.0
-19 665 -18
35 6 61
0.0 0.0 0.0
0.0 0.0 0.0

o cube64 cube 7500.0
0.39 0.58 0.93
-19 665 -16
36 89 21
0.0 0.0 0.0
0.0 0.0 0.0

o cube64 cube 7500.0
0.39 0.58 0.93
-21 665 -18
33 83 10
0.0 0.0 0.0
0.0 0.0 0.0

o sphere64 sphere 7500.0
1.0 0.0 0.0
-20 670 -18
69 39 78
0.0 0.0 0.0
0.0 0.0 0.0

o icostone64 icostone 7500.0
0.96 0.96 0.96
-18 670 -17
78 3 42
0.0 0.0 0.0
0.0 0.0 0.0

o pyramid64 pyramid 8500.0
1.0 0.84 0.0
-19 675 -16
42 47 77
0.0 0.0 0.0
0.0 0.0 0.0

o cube65 cube 7500.0
0.39 0.58 0.93
-18 675 -17
0 6 72
0.0 0.0 0.0
0.0 0.0 0.0

o cube65 cube 7500.0
0.39 0.58 0.93
-19 675 -20
2 88 23
0.0 0.0 0.0
0.0 0.0 0.0

o sphere65 sphere 7500.0
1.0 0.0 0.0
-19 680 -19
37 38 42
0.0 0.0 0.0
0.0 0.0 0.0

o icostone65 icostone 7500.0
0.96 0.96 0.96
-18 680 -16
32 53 45
0.0 0.0 0.0
0.0 0.0 0.0

o pyramid65 pyramid 8500.0
1.0 0.84 0.0
-17 685 -17
84 78 16
0.0 0.0 0.0
0.0 0.0 0.0

o cube66 cube 7500.0
0.39 0.58 0.93
-18 685 -17
86 22 67
0.0 0.0 0.0
0.0 0.0 0.0

o cube66 cube 7500.0
0.39 0.58 0.93
-20 685 -18
35 45 1
0.0 0.0 0.0
0.0 0.0 0.0

o sphere66 sphere 7500.0
1.0 0.0 0.0
-19 690 -20
62 6 62
0.0 0.0 0.0
0.0 0.0 0.0

o icostone66 icostone 7500.0
0.96 0.96 0.96
-19 690 -16
41 37 54
0.0 0.0 0.0
0.0 0.0 0.0

o pyramid66 pyramid 8500.0
1.0 0.84 0.0
-18 695 -18
88 80 16
0.0 0.0 0.0
0.0 0.0 0.0

o cube67 cube 7500.0
0.39 0.58 0.93
-17 695 -17
3 64 16
0.0 0.0 0.0
0.0 0.0 0.0

o cube67 cube 7500.0
0.39 0.58 0.93
-20 695 -19
75 12 40
0.0 0.0 0.0
0.0 0.0 0.0

o sphere67 sphere 7500.0
1.0 0.0 0.0
-21 700 -20
56 10 89
0.0 0.0 0.0
0.0 0.0 0.0

o icostone67 icostone 7500.0
0.96 0.96 0.96
-17 700 -16
79 74 84
0.0 0.0 0.0
0.0 0.0 0.0

o pyramid67 pyramid 8500.0
1.0 0.84 0.0
-19 705 -18
19 13 8
0.0 0.0 0.0
0.0 0.0 0.0

o cube68 cube 7500.0
0.39 0.58 0.93
-19 705 -17
18 67 69
0.0 0.0 0.0
0.0 0.0 0.0

o cube68 cube 7500.0
0.39 0.58 0.93
-21 705 -20
38 52 51
0.0 0.0 0.0
0.0 0.0 0.0

o sphere68 sphere 7500.0
1.0 0.0 0.0
-20 710 -19
7 22 6
0.0 0.0 0.0
0.0 0.0 0.0

o icostone68 icostone 7500.0
0.96 0.96 0.96
-18 710 -18
57 44 29
0.0 0.0 0.0
0.0 0.0 0.0

o pyramid68 pyramid 8500.0
1.0 0.84 0.0
-19 715 -18
59 79 46
0.0 0.0 0.0
0.0 0.0 0.0

o cube69 cube 7500.0
0.39 0.58 0.93
-17 715 -16
40 11 50
0.0 0.0 0.0
0.0 0.0 0.0

o cube69 cube 7500.0
0.39 0.58 0.93
-19 715 -18
68 84 70
0.0 0.0 0.0
0.0 0.0 0.0

o sphere69 sphere 7500.0
1.0 0.0 0.0
-20 720 -20
2 46 2
0.0 0.0 0.0
0.0 0.0 0.0

o icostone69 icostone 7500.0
0.96 0.96 0.96
-17 720 -16
44 71 53
0.0 0.0 0.0
0.0 0.0 0.0

o pyramid69 pyramid 8500.0
1.0 0.84 0.0
-19 725 -17
79 31 45
0.0 0.0 0.0
0.0 0.0 0.0

o cube70 cube 7500.0
0.39 0.58 0.93
-17 725 -17
15 72 67
0.0 0.0 0.0
0.0 0.0 0.0

o cube70 cube 7500.0
0.39 0.58 0.93
-21 725 -19
82 41 46
0.0 0.0 0.0
0.0 0.0 0.0

o sphere70 sphere 7500.0
1.0 0.0 0.0
-19 730 -19
76 47 52
0.0 0.0 0.0
0.0 0.0 0.0

o icostone70 icostone 7500.0
0.96 0.96 0.96
-18 730 -18
41 42 28
0.0 0.0 0.0
0.0 0.0 0.0

o pyramid70 pyramid 8500.0
1.0 0.84 0.0
-18 735 -18
30 87 86
0.0 0.0 0.0
0.0 0.0 0.0

o cube71 cube 7500.0
0.39 0.58 0.93
-17 735 -16
3 3 75
0.0 0.0 0.0
0.0 0.0 0.0

o cube71 cube 7500.0
0.39 0.58 0.93
-19 735 -19
80 67 22
0.0 0.0 0.0
0.0 0.0 0.0

o sphere71 sphere 7500.0
1.0 0.0 0.0
-19 740 -18
27 10 37
0.0 0.0 0.0
0.0 0.0 0.0

o icostone71 icostone 7500.0
0.96 0.96 0.96
-17 740 -16
15 69 82
0.0 0.0 0.0
0.0 0.0 0.0

o pyramid71 pyramid 8500.0
1.0 0.84 0.0
-19 745 -17
9 32 51
0.0 0.0 0.0
0.0 0.0 0.0

o cube72 cube 7500.0
0.39 0.58 0.93
-19 745 -18
16 25 67
0.0 0.0 0.0
0.0 0.0 0.0

o cube72 cube 7500.0
0.39 0.58 0.93
-21 745 -18
35 63 26
0.0 0.0 0.0
0.0 0.0 0.0

o sphere72 sphere 7500.0
1.0 0.0 0.0
-20 750 -20
7 12 67
0.0 0.0 0.0
0.0 0.0 0.0

o icostone72 icostone 7500.0
0.96 0.96 0.96
-19 750 -17
11 6 28
0.0 0.0 0.0
0.0 0.0 0.0

o pyramid72 pyramid 8500.0
1.0 0.84 0.0
-18 755 -17
90 68 2
0.0 0.0 0.0
0.0 0.0 0.0

o cube73 cube 7500.0
0.39 0.58 0.93
-19 755 -17
81 58 18
0.0 0.0 0.0
0.0 0.0 0.0

o cube73 cube 7500.0
0.39 0.58 0.93
-21 755 -19
67 0 56
0.0 0.0 0.0
0.0 0.0 0.0

o sphere73 sphere 7500.0
1.0 0.0 0.0
-19 760 -19
87 66 79
0.0 0.0 0.0
0.0 0.0 0.0

o icostone73 icostone 7500.0
0.96 0.96 0.96
-18 760 -17
44 59 31
0.0 0.0 0.0
0.0 0.0 0.0

o pyramid73 pyramid 8500.0
1.0 0.84 0.0
-19 765 -18
80 70 43
0.0 0.0 0.0
0.0 0.0 0.0

o cube74 cube 7500.0
0.39 0.58 0.93
-19 765 -17
49 5 7
0.0 0.0 0.0
0.0 0.0 0.0

o cube74 cube 7500.0
0.39 0.58 0.93
-21 765 -20
21 53 78
0.0 0.0 0.0
0.0 0.0 0.0

o sphere74 sphere 7500.0
1.0 0.0 0.0
-20 770 -20
13 23 70
0.0 0.0 0.0
0.0 0.0 0.0

o icostone74 icostone 7500.0
0.96 0.96 0.96
-17 770 -17
19 60 14
0.0 0.0 0.0
0.0 0.0 0.0

o pyramid74 pyramid 8500.0
1.0 0.84 0.0
-18 775 -17
27 81 8
0.0 0.0 0.0
0.0 0.0 0.0

o cube75 cube 7500.0
0.39 0.58 0.93
-18 775 -17
16 14 18
0.0 0.0 0.0
0.0 0.0 0.0

o cube75 cube 7500.0
0.39 0.58 0.93
-19 775 -18
33 83 57
0.0 0.0 0.0
0.0 0.0 0.0

o sphere75 sphere 7500.0
1.0 0.0 0.0
-21 780 -20
68 4 87
0.0 0.0 0.0
0.0 0.0 0.0

o icostone75 icostone 7500.0
0.96 0.96 0.96
-17 780 -18
75 25 55
0.0 0.0 0.0
0.0 0.0 0.0

o pyramid75 pyramid 8500.0
1.0 0.84 0.0
-17 785 -17
84 39 76
0.0 0.0 0.0
0.0 0.0 0.0

o cube76 cube 7500.0
0.39 0.58 0.93
-18 785 -16
12 9 17
0.0 0.0 0.0
0.0 0.0 0.0

o cube76 cube 7500.0
0.39 0.58 0.93
-20 785 -18
35 63 45
0.0 0.0 0.0
0.0 0.0 0.0

o sphere76 sphere 7500.0
1.0 0.0 0.0
-21 790 -19
49 32 50
0.0 0.0 0.0
0.0 0.0 0.0

o icostone76 icostone 7500.0
0.96 0.96 0.96
-17 790 -18
27 76 37
0.0 0.0 0.0
0.0 0.0 0.0

o pyramid76 pyramid 8500.0
1.0 0.84 0.0
-17 795 -16
47 29 11
0.0 0.0 0.0
0.0 0.0 0.0

o cube77 cube 7500.0
0.39 0.58 0.93
-19 795 -16
79 57 35
0.0 0.0 0.0
0.0 0.0 0.0

o cube77 cube 7500.0
0.39 0.58 0.93
-21 795 -20
60 10 18
0.0 0.0 0.0
0.0 0.0 0.0

o sphere77 sphere 7500.0
1.0 0.0 0.0
-19 800 -20
20 64 22
0.0 0.0 0.0
0.0 0.0 0.0

o icostone77 icostone 7500.0
0.96 0.96 0.96
-17 800 -16
67 9 24
0.0 0.0 0.0
0.0 0.0 0.0

o pyramid77 pyramid 8500.0
1.0 0.84 0.0
-18 805 -16
86 32 13
0.0 0.0 0.0
0.0 0.0 0.0

o cube78 cube 7500.0
0.39 0.58 0.93
-19 805 -18
28 81 37
0.0 0.0 0.0
0.0 0.0 0.0

o cube78 cube 7500.0
0.39 0.58 0.93
-20 805 -20
88 40 30
0.0 0.0 0.0
0.0 0.0 0.0

o sphere78 sphere 7500.0
1.0 0.0 0.0
-20 810 -20
76 38 87
0.0 0.0 0.0
0.0 0.0 0.0

o icostone78 icostone 7500.0
0.96 0.96 0.96
-18 810 -18
11 9 1
0.0 0.0 0.0
0.0 0.0 0.0

o pyramid78 pyramid 8500.0
1.0 0.84 0.0
-18 815 -16
45 22 72
0.0 0.0 0.0
0.0 0.0 0.0

o cube79 cube 7500.0
0.39 0.58 0.93
-17 815 -16
21 32 4
0.0 0.0 0.0
0.0 0.0 0.0

o cube79 cube 7500.0
0.39 0.58 0.93
-20 815 -20
90 77 68
0.0 0.0 0.0
0.0 0.0 0.0

o sphere79 sphere 7500.0
1.0 0.0 0.0
-20 820 -18
58 40 46
0.0 0.0 0.0
0.0 0.0 0.0

o icostone79 icostone 7500.0
0.96 0.96 0.96
-18 820 -17
53 83 31
0.0 0.0 0.0
0.0 0.0 0.0

o pyramid79 pyramid 8500.0
1.0 0.84 0.0
-19 825 -18
2 44 82
0.0 0.0 0.0
0.0 0.0 0.0

o cube80 cube 7500.0
0.39 0.58 0.93
-19 825 -18
0 39 38
0.0 0.0 0.0
0.0 0.0 0.0

o cube80 cube 7500.0
0.39 0.58 0.93
-19 825 -18
86 40 35
0.0 0.0 0.0
0.0 0.0 0.0

o sphere80 sphere 7500.0
1.0 0.0 0.0
-20 830 -18
21 66 58
0.0 0.0 0.0
0.0 0.0 0.0

o icostone80 icostone 7500.0
0.96 0.96 0.96
-18 830 -16
67 28 13
0.0 0.0 0.0
0.0 0.0 0.0

o pyramid80 pyramid 8500.0
1.0 0.84 0.0
-19 835 -18
73 59 52
0.0 0.0 0.0
0.0 0.0 0.0

o cube81 cube 7500.0
0.39 0.58 0.93
-19 835 -16
14 32 38
0.0 0.0 0.0
0.0 0.0 0.0

o cube81 cube 7500.0
0.39 0.58 0.93
-20 835 -18
86 19 63
0.0 0.0 0.0
0.0 0.0 0.0

o sphere81 sphere 7500.0
1.0 0.0 0.0
-19 840 -19
86 72 70
0.0 0.0 0.0
0.0 0.0 0.0

o icostone81 icostone 7500.0
0.96 0.96 0.96
-19 840 -18
0 25 6
0.0 0.0 0.0
0.0 0.0 0.0

o pyramid81 pyramid 8500.0
1.0 0.84 0.0
-19 845 -18
68 14 81
0.0 0.0 0.0
0.0 0.0 0.0

o cube82 cube 7500.0
0.39 0.58 0.93
-19 845 -18
23 85 39
0.0 0.0 0.0
0.0 0.0 0.0

o cube82 cube 7500.0
0.39 0.58 0.93
-20 845 -18
78 3 10
0.0 0.0 0.0
0.0 0.0 0.0

o sphere82 sphere 7500.0
1.0 0.0 0.0
-21 850 -19
87 90 11
0.0 0.0 0.0
0.0 0.0 0.0

o icostone82 icostone 7500.0
0.96 0.96 0.96
-19 850 -18
45 61 44
0.0 0.0 0.0
0.0 0.0 0.0

o pyramid82 pyramid 8500.0
1.0 0.84 0.0
-19 855 -18
43 42 30
0.0 0.0 0.0
0.0 0.0 0.0

o cube83 cube 7500.0
0.39 0.58 0.93
-19 855 -17
46 36 74
0.0 0.0 0.0
0.0 0.0 0.0

o cube83 cube 7500.0
0.39 0.58 0.93
-20 855 -20
75 1 48
0.0 0.0 0.0
0.0 0.0 0.0

o sphere83 sphere 7500.0
1.0 0.0 0.0
-19 860 -20
42 44 86
0.0 0.0 0.0
0.0 0.0 0.0

o icostone83 icostone 7500.0
0.96 0.96 0.96
-17 860 -16
60 46 50
0.0 0.0 0.0
0.0 0.0 0.0

o pyramid83 pyramid 8500.0
1.0 0.84 0.0
-18 865 -17
69 6 61
0.0 0.0 0.0
0.0 0.0 0.0

o cube84 cube 7500.0
0.39 0.58 0.93
-19 865 -17
72 62 75
0.0 0.0 0.0
0.0 0.0 0.0

o cube84 cube 7500.0
0.39 0.58 0.93
-21 865 -19
48 83 54
0.0 0.0 0.0
0.0 0.0 0.0

o sphere84 sphere 7500.0
1.0 0.0 0.0
-21 870 -18
76 11 23
0.0 0.0 0.0
0.0 0.0 0.0

o icostone84 icostone 7500.0
0.96 0.96 0.96
-17 870 -16
22 82 7
0.0 0.0 0.0
0.0 0.0 0.0

o pyramid84 pyramid 8500.0
1.0 0.84 0.0
-17 875 -16
63 27 62
0.0 0.0 0.0
0.0 0.0 0.0

o cube85 cube 7500.0
0.39 0.58 0.93
-18 875 -17
65 67 57
0.0 0.0 0.0
0.0 0.0 0.0

o cube85 cube 7500.0
0.39 0.58 0.93
-21 875 -18
66 58 22
0.0 0.0 0.0
0.0 0.0 0.0

o sphere85 sphere 7500.0
1.0 0.0 0.0
-20 880 -20
27 7 39
0.0 0.0 0.0
0.0 0.0 0.0

o icostone85 icostone 7500.0
0.96 0.96 0.96
-18 880 -18
42 24 42
0.0 0.0 0.0
0.0 0.0 0.0

o pyramid85 pyramid 8500.0
1.0 0.84 0.0
-18 885 -16
89 32 71
0.0 0.0 0.0
0.0 0.0 0.0

o cube86 cube 7500.0
0.39 0.58 0.93
-19 885 -16
35 29 3
0.0 0.0 0.0
0.0 0.0 0.0

o cube86 cube 7500.0
0.39 0.58 0.93
-21 885 -19
77 71 50
0.0 0.0 0.0
0.0 0.0 0.0

o sphere86 sphere 7500.0
1.0 0.0 0.0
-20 890 -19
90 27 89
0.0 0.0 0.0
0.0 0.0 0.0

o icostone86 icostone 7500.0
0.96 0.96 0.96
-19 890 -18
30 82 23
0.0 0.0 0.0
0.0 0.0 0.0

o pyramid86 pyramid 8500.0
1.0 0.84 0.0
-17 895 -16
84 65 32
0.0 0.0 0.0
0.0 0.0 0.0

o cube87 cube 7500.0
0.39 0.58 0.93
-18 895 -16
58 69 0
0.0 0.0 0.0
0.0 0.0 0.0

o cube87 cube 7500.0
0.39 0.58 0.93
-20 895 -19
15 21 49
0.0 0.0 0.0
0.0 0.0 0.0

o sphere87 sphere 7500.0
1.0 0.0 0.0
-19 900 -19
34 38 84
0.0 0.0 0.0
0.0 0.0 0.0

o icostone87 icostone 7500.0
0.96 0.96 0.96
-18 900 -16
46 0 72
0.0 0.0 0.0
0.0 0.0 0.0

o pyramid87 pyramid 8500.0
1.0 0.84 0.0
-19 905 -16
66 73 36
0.0 0.0 0.0
0.0 0.0 0.0

o cube88 cube 7500.0
0.39 0.58 0.93
-18 905 -16
25 18 2
0.0 0.0 0.0
0.0 0.0 0.0

o cube88 cube 7500.0
0.39 0.58 0.93
-20 905 -18
65 62 46
0.0 0.0 0.0
0.0 0.0 0.0

o sphere88 sphere 7500.0
1.0 0.0 0.0
-21 910 -20
53 77 28
0.0 0.0 0.0
0.0 0.0 0.0

o icostone88 icostone 7500.0
0.96 0.96 0.96
-18 910 -16
4 62 14
0.0 0.0 0.0
0.0 0.0 0.0

o pyramid88 pyramid 8500.0
1.0 0.84 0.0
-19 915 -17
54 38 60
0.0 0.0 0.0
0.0 0.0 0.0

o cube89 cube 7500.0
0.39 0.58 0.93
-17 915 -17
89 39 81
0.0 0.0 0.0
0.0 0.0 0.0

o cube89 cube 7500.0
0.39 0.58 0.93
-20 915 -18
38 8 53
0.0 0.0 0.0
0.0 0.0 0.0

o sphere89 sphere 7500.0
1.0 0.0 0.0
-21 920 -20
56 63 12
0.0 0.0 0.0
0.0 0.0 0.0

o icostone89 icostone 7500.0
0.96 0.96 0.96
-19 920 -18
41 53 87
0.0 0.0 0.0
0.0 0.0 0.0

o pyramid89 pyramid 8500.0
1.0 0.84 0.0
-19 925 -18
34 58 74
0.0 0.0 0.0
0.0 0.0 0.0

o ramp ramp INFINITY
0.26 0.26 0.26  color
-17.0 8.5 -17.0 position
0.0 -45.0 -45.0 rotation
0.0 0.0 0.0     velocity vector
0.0 0.0 0.0     angular velocity

o ground plane INFINITY
0.26 0.26 0.26	color
0.0 0.0 0.0	position
0.0 0.0 0.0	rotation
0.0 0.0 0.0	velocity vector
0.0 0.0 0.0	angular velocity
