m h cube 	Models/cube.obj
m p plane 	Models/huge_plane.obj
m h cylinder 	Models/cylinder.obj
m h ramp	Models/ramp.obj
m s sphere	Models/sphere_smooth.obj 1.0
m h icostone	Models/long_icosphere.obj
m h pyramid	Models/pyramid.obj


o cube0 cube 7500.0
0.39 0.58 0.93
-17 25 -16
55 59 19
0.0 0.0 0.0
0.0 0.0 0.0

o cube0 cube 7500.0
0.39 0.58 0.93
-20 25 -18
56 76 26
0.0 0.0 0.0
0.0 0.0 0.0

o cube0 cube 7500.0
0.39 0.58 0.93
-14 25 -13
76 42 83
0.0 0.0 0.0
0.0 0.0 0.0

o cube0 cube 7500.0
0.39 0.58 0.93
-18 25 -16
21 67 4
0.0 0.0 0.0
0.0 0.0 0.0

o sphere0 sphere 7500.0
1.0 0.0 0.0
-19 30 -18
80 19 62
0.0 0.0 0.0
0.0 0.0 0.0

o icostone0 icostone 7500.0
0.96 0.96 0.96
-18 30 -18
61 57 62
0.0 0.0 0.0
0.0 0.0 0.0

o pyramid0 pyramid 8500.0
1.0 0.84 0.0
-17 35 -18
29 49 72
0.0 0.0 0.0
0.0 0.0 0.0

o cube1 cube 7500.0
0.39 0.58 0.93
-18 35 -16
0 66 18
0.0 0.0 0.0
0.0 0.0 0.0

o cube1 cube 7500.0
0.39 0.58 0.93
-21 35 -18
18 19 30
0.0 0.0 0.0
0.0 0.0 0.0

o cube1 cube 7500.0
0.39 0.58 0.93
-14 35 -15
67 43 43
0.0 0.0 0.0
0.0 0.0 0.0

o cube1 cube 7500.0
0.39 0.58 0.93
-18 35 -17
84 17 88
0.0 0.0 0.0
0.0 0.0 0.0

o sphere1 sphere 7500.0
1.0 0.0 0.0
-20 40 -20
4 50 47
0.0 0.0 0.0
0.0 0.0 0.0

o icostone1 icostone 7500.0
0.96 0.96 0.96
-18 40 -16
77 15 22
0.0 0.0 0.0
0.0 0.0 0.0

o pyramid1 pyramid 8500.0
1.0 0.84 0.0
-18 45 -17
24 80 63
0.0 0.0 0.0
0.0 0.0 0.0

o cube2 cube 7500.0
0.39 0.58 0.93
-17 45 -18
56 73 86
0.0 0.0 0.0
0.0 0.0 0.0

o cube2 cube 7500.0
0.39 0.58 0.93
-21 45 -18
70 90 5
0.0 0.0 0.0
0.0 0.0 0.0

o cube2 cube 7500.0
0.39 0.58 0.93
-16 45 -13
60 10 25
0.0 0.0 0.0
0.0 0.0 0.0

o cube2 cube 7500.0
0.39 0.58 0.93
-18 45 -16
5 9 8
0.0 0.0 0.0
0.0 0.0 0.0

o sphere2 sphere 7500.0
1.0 0.0 0.0
-19 50 -18
56 77 39
0.0 0.0 0.0
0.0 0.0 0.0

o icostone2 icostone 7500.0
0.96 0.96 0.96
-18 50 -16
80 70 88
0.0 0.0 0.0
0.0 0.0 0.0

o pyramid2 pyramid 8500.0
1.0 0.84 0.0
-19 55 -16
89 45 83
0.0 0.0 0.0
0.0 0.0 0.0

o cube3 cube 7500.0
0.39 0.58 0.93
-19 55 -18
31 0 5
0.0 0.0 0.0
0.0 0.0 0.0

o cube3 cube 7500.0
0.39 0.58 0.93
-21 55 -20
79 82 53
0.0 0.0 0.0
0.0 0.0 0.0

o cube3 cube 7500.0
0.39 0.58 0.93
-16 55 -13
12 41 1
0.0 0.0 0.0
0.0 0.0 0.0

o cube3 cube 7500.0
0.39 0.58 0.93
-17 55 -15
61 60 72
0.0 0.0 0.0
0.0 0.0 0.0

o sphere3 sphere 7500.0
1.0 0.0 0.0
-21 60 -18
13 40 27
0.0 0.0 0.0
0.0 0.0 0.0

o icostone3 icostone 7500.0
0.96 0.96 0.96
-17 60 -17
15 43 66
0.0 0.0 0.0
0.0 0.0 0.0

o pyramid3 pyramid 8500.0
1.0 0.84 0.0
-18 65 -18
70 53 80
0.0 0.0 0.0
0.0 0.0 0.0

o cube4 cube 7500.0
0.39 0.58 0.93
-18 65 -16
89 21 9
0.0 0.0 0.0
0.0 0.0 0.0

o cube4 cube 7500.0
0.39 0.58 0.93
-21 65 -19
21 24 15
0.0 0.0 0.0
0.0 0.0 0.0

o cube4 cube 7500.0
0.39 0.58 0.93
-14 65 -14
24 33 17
0.0 0.0 0.0
0.0 0.0 0.0

o cube4 cube 7500.0
0.39 0.58 0.93
-18 65 -15
13 17 16
0.0 0.0 0.0
0.0 0.0 0.0

o sphere4 sphere 7500.0
1.0 0.0 0.0
-20 70 -20
51 72 62
0.0 0.0 0.0
0.0 0.0 0.0

o icostone4 icostone 7500.0
0.96 0.96 0.96
-19 70 -17
37 53 53
0.0 0.0 0.0
0.0 0.0 0.0

o pyramid4 pyramid 8500.0
1.0 0.84 0.0
-18 75 -16
1 46 9
0.0 0.0 0.0
0.0 0.0 0.0

o cube5 cube 7500.0
0.39 0.58 0.93
-19 75 -18
85 5 12
0.0 0.0 0.0
0.0 0.0 0.0

o cube5 cube 7500.0
0.39 0.58 0.93
-20 75 -18
53 28 88
0.0 0.0 0.0
0.0 0.0 0.0

o cube5 cube 7500.0
0.39 0.58 0.93
-14 75 -15
57 12 18
0.0 0.0 0.0
0.0 0.0 0.0

o cube5 cube 7500.0
0.39 0.58 0.93
-18 75 -16
78 62 6
0.0 0.0 0.0
0.0 0.0 0.0

o sphere5 sphere 7500.0
1.0 0.0 0.0
-19 80 -18
65 50 63
0.0 0.0 0.0
0.0 0.0 0.0

o icostone5 icostone 7500.0
0.96 0.96 0.96
-17 80 -16
7 34 70
0.0 0.0 0.0
0.0 0.0 0.0

o pyramid5 pyramid 8500.0
1.0 0.84 0.0
-17 85 -17
70 0 48
0.0 0.0 0.0
0.0 0.0 0.0

o cube6 cube 7500.0
0.39 0.58 0.93
-17 85 -17
20 65 31
0.0 0.0 0.0
0.0 0.0 0.0

o cube6 cube 7500.0
0.39 0.58 0.93
-21 85 -18
10 56 90
0.0 0.0 0.0
0.0 0.0 0.0

o cube6 cube 7500.0
0.39 0.58 0.93
-15 85 -15
12 77 39
0.0 0.0 0.0
0.0 0.0 0.0

o cube6 cube 7500.0
0.39 0.58 0.93
-16 85 -15
66 49 14
0.0 0.0 0.0
0.0 0.0 0.0

o sphere6 sphere 7500.0
1.0 0.0 0.0
-21 90 -20
24 72 50
0.0 0.0 0.0
0.0 0.0 0.0

o icostone6 icostone 7500.0
0.96 0.96 0.96
-18 90 -18
53 7 65
0.0 0.0 0.0
0.0 0.0 0.0

o pyramid6 pyramid 8500.0
1.0 0.84 0.0
-17 95 -16
81 41 82
0.0 0.0 0.0
0.0 0.0 0.0

o cube7 cube 7500.0
0.39 0.58 0.93
-17 95 -18
47 45 46
0.0 0.0 0.0
0.0 0.0 0.0

o cube7 cube 7500.0
0.39 0.58 0.93
-21 95 -18
66 35 35
0.0 0.0 0.0
0.0 0.0 0.0

o cube7 cube 7500.0
0.39 0.58 0.93
-14 95 -14
63 41 38
0.0 0.0 0.0
0.0 0.0 0.0

o cube7 cube 7500.0
0.39 0.58 0.93
-17 95 -15
2 41 51
0.0 0.0 0.0
0.0 0.0 0.0

o sphere7 sphere 7500.0
1.0 0.0 0.0
-19 100 -20
87 57 11
0.0 0.0 0.0
0.0 0.0 0.0

o icostone7 icostone 7500.0
0.96 0.96 0.96
-17 100 -18
46 70 1
0.0 0.0 0.0
0.0 0.0 0.0

o pyramid7 pyramid 8500.0
1.0 0.84 0.0
-17 105 -16
53 24 73
0.0 0.0 0.0
0.0 0.0 0.0

o cube8 cube 7500.0
0.39 0.58 0.93
-17 105 -18
24 58 52
0.0 0.0 0.0
0.0 0.0 0.0

o cube8 cube 7500.0
0.39 0.58 0.93
-20 105 -19
29 2 67
0.0 0.0 0.0
0.0 0.0 0.0

o cube8 cube 7500.0
0.39 0.58 0.93
-15 105 -14
43 4 6
0.0 0.0 0.0
0.0 0.0 0.0

o cube8 cube 7500.0
0.39 0.58 0.93
-18 105 -17
61 81 59
0.0 0.0 0.0
0.0 0.0 0.0

o sphere8 sphere 7500.0
1.0 0.0 0.0
-21 110 -18
2 40 27
0.0 0.0 0.0
0.0 0.0 0.0

o icostone8 icostone 7500.0
0.96 0.96 0.96
-18 110 -16
78 48 70
0.0 0.0 0.0
0.0 0.0 0.0

o pyramid8 pyramid 8500.0
1.0 0.84 0.0
-18 115 -18
60 32 22
0.0 0.0 0.0
0.0 0.0 0.0

o cube9 cube 7500.0
0.39 0.58 0.93
-19 115 -17
61 62 34
0.0 0.0 0.0
0.0 0.0 0.0

o cube9 cube 7500.0
0.39 0.58 0.93
-20 115 -19
28 11 27
0.0 0.0 0.0
0.0 0.0 0.0

o cube9 cube 7500.0
0.39 0.58 0.93
-14 115 -15
32 89 76
0.0 0.0 0.0
0.0 0.0 0.0

o cube9 cube 7500.0
0.39 0.58 0.93
-18 115 -16
79 5 72
0.0 0.0 0.0
0.0 0.0 0.0

o sphere9 sphere 7500.0
1.0 0.0 0.0
-20 120 -20
14 69 53
0.0 0.0 0.0
0.0 0.0 0.0

o icostone9 icostone 7500.0
0.96 0.96 0.96
-17 120 -17
63 2 33
0.0 0.0 0.0
0.0 0.0 0.0

o pyramid9 pyramid 8500.0
1.0 0.84 0.0
-17 125 -16
15 1 36
0.0 0.0 0.0
0.0 0.0 0.0

o cube10 cube 7500.0
0.39 0.58 0.93
-18 125 -17
77 26 45
0.0 0.0 0.0
0.0 0.0 0.0

o cube10 cube 7500.0
0.39 0.58 0.93
-20 125 -18
20 68 31
0.0 0.0 0.0
0.0 0.0 0.0

o cube10 cube 7500.0
0.39 0.58 0.93
-16 125 -13
71 32 1
0.0 0.0 0.0
0.0 0.0 0.0

o cube10 cube 7500.0
0.39 0.58 0.93
-18 125 -15
49 4 54
0.0 0.0 0.0
0.0 0.0 0.0

o sphere10 sphere 7500.0
1.0 0.0 0.0
-19 130 -20
13 82 83
0.0 0.0 0.0
0.0 0.0 0.0

o icostone10 icostone 7500.0
0.96 0.96 0.96
-19 130 -17
85 4 75
0.0 0.0 0.0
0.0 0.0 0.0

o pyramid10 pyramid 8500.0
1.0 0.84 0.0
-18 135 -16
31 10 20
0.0 0.0 0.0
0.0 0.0 0.0

o cube11 cube 7500.0
0.39 0.58 0.93
-18 135 -16
46 71 32
0.0 0.0 0.0
0.0 0.0 0.0

o cube11 cube 7500.0
0.39 0.58 0.93
-19 135 -20
75 3 48
0.0 0.0 0.0
0.0 0.0 0.0

o cube11 cube 7500.0
0.39 0.58 0.93
-14 135 -13
87 78 56
0.0 0.0 0.0
0.0 0.0 0.0

o cube11 cube 7500.0
0.39 0.58 0.93
-17 135 -17
34 84 29
0.0 0.0 0.0
0.0 0.0 0.0

o sphere11 sphere 7500.0
1.0 0.0 0.0
-21 140 -18
17 74 2
0.0 0.0 0.0
0.0 0.0 0.0

o icostone11 icostone 7500.0
0.96 0.96 0.96
-17 140 -17
42 87 77
0.0 0.0 0.0
0.0 0.0 0.0

o pyramid11 pyramid 8500.0
1.0 0.84 0.0
-18 145 -17
33 76 48
0.0 0.0 0.0
0.0 0.0 0.0

o cube12 cube 7500.0
0.39 0.58 0.93
-18 145 -18
33 66 20
0.0 0.0 0.0
0.0 0.0 0.0

o cube12 cube 7500.0
0.39 0.58 0.93
-21 145 -20
51 73 23
0.0 0.0 0.0
0.0 0.0 0.0

o cube12 cube 7500.0
0.39 0.58 0.93
-14 145 -14
77 27 79
0.0 0.0 0.0
0.0 0.0 0.0

o cube12 cube 7500.0
0.39 0.58 0.93
-18 145 -17
50 75 53
0.0 0.0 0.0
0.0 0.0 0.0

o sphere12 sphere 7500.0
1.0 0.0 0.0
-20 150 -20
59 5 26
0.0 0.0 0.0
0.0 0.0 0.0

o icostone12 icostone 7500.0
0.96 0.96 0.96
-18 150 -16
44 57 56
0.0 0.0 0.0
0.0 0.0 0.0

o pyramid12 pyramid 8500.0
1.0 0.84 0.0
-17 155 -17
4 90 36
0.0 0.0 0.0
0.0 0.0 0.0

o cube13 cube 7500.0
0.39 0.58 0.93
-18 155 -17
80 25 37
0.0 0.0 0.0
0.0 0.0 0.0

o cube13 cube 7500.0
0.39 0.58 0.93
-20 155 -20
17 7 72
0.0 0.0 0.0
0.0 0.0 0.0

o cube13 cube 7500.0
0.39 0.58 0.93
-15 155 -14
69 15 29
0.0 0.0 0.0
0.0 0.0 0.0

o cube13 cube 7500.0
0.39 0.58 0.93
-17 155 -17
47 21 22
0.0 0.0 0.0
0.0 0.0 0.0

o sphere13 sphere 7500.0
1.0 0.0 0.0
-21 160 -19
8 13 66
0.0 0.0 0.0
0.0 0.0 0.0

o icostone13 icostone 7500.0
0.96 0.96 0.96
-18 160 -17
81 2 29
0.0 0.0 0.0
0.0 0.0 0.0

o pyramid13 pyramid 8500.0
1.0 0.84 0.0
-17 165 -18
56 78 78
0.0 0.0 0.0
0.0 0.0 0.0

o cube14 cube 7500.0
0.39 0.58 0.93
-18 165 -16
77 32 38
0.0 0.0 0.0
0.0 0.0 0.0

o cube14 cube 7500.0
0.39 0.58 0.93
-21 165 -20
66 38 3
0.0 0.0 0.0
0.0 0.0 0.0

o cube14 cube 7500.0
0.39 0.58 0.93
-15 165 -14
14 25 17
0.0 0.0 0.0
0.0 0.0 0.0

o cube14 cube 7500.0
0.39 0.58 0.93
-17 165 -16
13 67 41
0.0 0.0 0.0
0.0 0.0 0.0

o sphere14 sphere 7500.0
1.0 0.0 0.0
-19 170 -19
33 67 0
0.0 0.0 0.0
0.0 0.0 0.0

o icostone14 icostone 7500.0
0.96 0.96 0.96
-18 170 -16
12 88 7
0.0 0.0 0.0
0.0 0.0 0.0

o pyramid14 pyramid 8500.0
1.0 0.84 0.0
-19 175 -17
30 84 15
0.0 0.0 0.0
0.0 0.0 0.0

o cube15 cube 7500.0
0.39 0.58 0.93
-17 175 -16
17 69 32
0.0 0.0 0.0
0.0 0.0 0.0

o cube15 cube 7500.0
0.39 0.58 0.93
-21 175 -19
65 16 49
0.0 0.0 0.0
0.0 0.0 0.0

o cube15 cube 7500.0
0.39 0.58 0.93
-14 175 -13
54 9 54
0.0 0.0 0.0
0.0 0.0 0.0

o cube15 cube 7500.0
0.39 0.58 0.93
-16 175 -15
71 22 84
0.0 0.0 0.0
0.0 0.0 0.0

o sphere15 sphere 7500.0
1.0 0.0 0.0
-19 180 -19
39 51 4
0.0 0.0 0.0
0.0 0.0 0.0

o icostone15 icostone 7500.0
0.96 0.96 0.96
-19 180 -17
77 81 16
0.0 0.0 0.0
0.0 0.0 0.0

o pyramid15 pyramid 8500.0
1.0 0.84 0.0
-17 185 -18
75 71 63
0.0 0.0 0.0
0.0 0.0 0.0

o cube16 cube 7500.0
0.39 0.58 0.93
-19 185 -18
27 65 59
0.0 0.0 0.0
0.0 0.0 0.0

o cube16 cube 7500.0
0.39 0.58 0.93
-21 185 -19
11 41 68
0.0 0.0 0.0
0.0 0.0 0.0

o cube16 cube 7500.0
0.39 0.58 0.93
-14 185 -13
35 23 14
0.0 0.0 0.0
0.0 0.0 0.0

o cube16 cube 7500.0
0.39 0.58 0.93
-18 185 -16
14 7 1
0.0 0.0 0.0
0.0 0.0 0.0

o sphere16 sphere 7500.0
1.0 0.0 0.0
-21 190 -18
35 11 68
0.0 0.0 0.0
0.0 0.0 0.0

o icostone16 icostone 7500.0
0.96 0.96 0.96
-18 190 -17
82 51 55
0.0 0.0 0.0
0.0 0.0 0.0

o pyramid16 pyramid 8500.0
1.0 0.84 0.0
-19 195 -16
1 57 78
0.0 0.0 0.0
0.0 0.0 0.0

o cube17 cube 7500.0
0.39 0.58 0.93
-19 195 -17
16 29 39
0.0 0.0 0.0
0.0 0.0 0.0

o cube17 cube 7500.0
0.39 0.58 0.93
-19 195 -19
82 74 64
0.0 0.0 0.0
0.0 0.0 0.0

o cube17 cube 7500.0
0.39 0.58 0.93
-14 195 -13
34 84 79
0.0 0.0 0.0
0.0 0.0 0.0

o cube17 cube 7500.0
0.39 0.58 0.93
-17 195 -16
8 75 17
0.0 0.0 0.0
0.0 0.0 0.0

o sphere17 sphere 7500.0
1.0 0.0 0.0
-19 200 -19
85 53 90
0.0 0.0 0.0
0.0 0.0 0.0

o icostone17 icostone 7500.0
0.96 0.96 0.96
-19 200 -17
75 46 43
0.0 0.0 0.0
0.0 0.0 0.0

o pyramid17 pyramid 8500.0
1.0 0.84 0.0
-19 205 -16
27 79 35
0.0 0.0 0.0
0.0 0.0 0.0

o cube18 cube 7500.0
0.39 0.58 0.93
-18 205 -18
38 38 87
0.0 0.0 0.0
0.0 0.0 0.0

o cube18 cube 7500.0
0.39 0.58 0.93
-20 205 -18
9 61 23
0.0 0.0 0.0
0.0 0.0 0.0

o cube18 cube 7500.0
0.39 0.58 0.93
-16 205 -14
30 56 31
0.0 0.0 0.0
0.0 0.0 0.0

o cube18 cube 7500.0
0.39 0.58 0.93
-18 205 -17
64 8 16
0.0 0.0 0.0
0.0 0.0 0.0

o sphere18 sphere 7500.0
1.0 0.0 0.0
-21 210 -20
65 20 80
0.0 0.0 0.0
0.0 0.0 0.0

o icostone18 icostone 7500.0
0.96 0.96 0.96
-18 210 -16
71 41 23
0.0 0.0 0.0
0.0 0.0 0.0

o pyramid18 pyramid 8500.0
1.0 0.84 0.0
-18 215 -17
61 87 22
0.0 0.0 0.0
0.0 0.0 0.0

o cube19 cube 7500.0
0.39 0.58 0.93
-18 215 -18
65 23 62
0.0 0.0 0.0
0.0 0.0 0.0

o cube19 cube 7500.0
0.39 0.58 0.93
-21 215 -18
57 20 78
0.0 0.0 0.0
0.0 0.0 0.0

o cube19 cube 7500.0
0.39 0.58 0.93
-15 215 -15
42 82 81
0.0 0.0 0.0
0.0 0.0 0.0

o cube19 cube 7500.0
0.39 0.58 0.93
-18 215 -15
81 6 50
0.0 0.0 0.0
0.0 0.0 0.0

o sphere19 sphere 7500.0
1.0 0.0 0.0
-19 220 -20
27 54 58
0.0 0.0 0.0
0.0 0.0 0.0

o icostone19 icostone 7500.0
0.96 0.96 0.96
-19 220 -16
13 23 38
0.0 0.0 0.0
0.0 0.0 0.0

o pyramid19 pyramid 8500.0
1.0 0.84 0.0
-18 225 -18
50 16 5
0.0 0.0 0.0
0.0 0.0 0.0

o cube20 cube 7500.0
0.39 0.58 0.93
-19 225 -17
90 65 80
0.0 0.0 0.0
0.0 0.0 0.0

o cube20 cube 7500.0
0.39 0.58 0.93
-19 225 -18
36 5 8
0.0 0.0 0.0
0.0 0.0 0.0

o cube20 cube 7500.0
0.39 0.58 0.93
-16 225 -13
18 64 4
0.0 0.0 0.0
0.0 0.0 0.0

o cube20 cube 7500.0
0.39 0.58 0.93
-18 225 -16
58 40 7
0.0 0.0 0.0
0.0 0.0 0.0

o sphere20 sphere 7500.0
1.0 0.0 0.0
-21 230 -18
66 38 74
0.0 0.0 0.0
0.0 0.0 0.0

o icostone20 icostone 7500.0
0.96 0.96 0.96
-17 230 -18
41 89 22
0.0 0.0 0.0
0.0 0.0 0.0

o pyramid20 pyramid 8500.0
1.0 0.84 0.0
-18 235 -18
30 77 47
0.0 0.0 0.0
0.0 0.0 0.0

o cube21 cube 7500.0
0.39 0.58 0.93
-19 235 -18
89 28 59
0.0 0.0 0.0
0.0 0.0 0.0

o cube21 cube 7500.0
0.39 0.58 0.93
-21 235 -20
69 74 47
0.0 0.0 0.0
0.0 0.0 0.0

o cube21 cube 7500.0
0.39 0.58 0.93
-16 235 -13
65 62 56
0.0 0.0 0.0
0.0 0.0 0.0

o cube21 cube 7500.0
0.39 0.58 0.93
-18 235 -17
44 40 67
0.0 0.0 0.0
0.0 0.0 0.0

o sphere21 sphere 7500.0
1.0 0.0 0.0
-21 240 -19
24 22 46
0.0 0.0 0.0
0.0 0.0 0.0

o icostone21 icostone 7500.0
0.96 0.96 0.96
-19 240 -17
34 87 62
0.0 0.0 0.0
0.0 0.0 0.0

o pyramid21 pyramid 8500.0
1.0 0.84 0.0
-19 245 -18
86 69 45
0.0 0.0 0.0
0.0 0.0 0.0

o cube22 cube 7500.0
0.39 0.58 0.93
-17 245 -16
1 28 14
0.0 0.0 0.0
0.0 0.0 0.0

o cube22 cube 7500.0
0.39 0.58 0.93
-19 245 -18
86 79 31
0.0 0.0 0.0
0.0 0.0 0.0

o cube22 cube 7500.0
0.39 0.58 0.93
-14 245 -15
44 41 40
0.0 0.0 0.0
0.0 0.0 0.0

o cube22 cube 7500.0
0.39 0.58 0.93
-18 245 -17
28 29 18
0.0 0.0 0.0
0.0 0.0 0.0

o sphere22 sphere 7500.0
1.0 0.0 0.0
-21 250 -20
41 32 53
0.0 0.0 0.0
0.0 0.0 0.0

o icostone22 icostone 7500.0
0.96 0.96 0.96
-19 250 -17
49 40 20
0.0 0.0 0.0
0.0 0.0 0.0

o pyramid22 pyramid 8500.0
1.0 0.84 0.0
-19 255 -16
17 79 12
0.0 0.0 0.0
0.0 0.0 0.0

o cube23 cube 7500.0
0.39 0.58 0.93
-19 255 -17
58 5 31
0.0 0.0 0.0
0.0 0.0 0.0

o cube23 cube 7500.0
0.39 0.58 0.93
-19 255 -20
43 30 14
0.0 0.0 0.0
0.0 0.0 0.0

o cube23 cube 7500.0
0.39 0.58 0.93
-16 255 -13
57 4 22
0.0 0.0 0.0
0.0 0.0 0.0

o cube23 cube 7500.0
0.39 0.58 0.93
-16 255 -17
72 20 32
0.0 0.0 0.0
0.0 0.0 0.0

o sphere23 sphere 7500.0
1.0 0.0 0.0
-21 260 -18
46 77 67
0.0 0.0 0.0
0.0 0.0 0.0

o icostone23 icostone 7500.0
0.96 0.96 0.96
-17 260 -16
17 42 47
0.0 0.0 0.0
0.0 0.0 0.0

o pyramid23 pyramid 8500.0
1.0 0.84 0.0
-17 265 -17
41 62 8
0.0 0.0 0.0
0.0 0.0 0.0

o cube24 cube 7500.0
0.39 0.58 0.93
-18 265 -17
83 3 63
0.0 0.0 0.0
0.0 0.0 0.0

o cube24 cube 7500.0
0.39 0.58 0.93
-20 265 -18
21 79 56
0.0 0.0 0.0
0.0 0.0 0.0

o cube24 cube 7500.0
0.39 0.58 0.93
-16 265 -14
3 7 80
0.0 0.0 0.0
0.0 0.0 0.0

o cube24 cube 7500.0
0.39 0.58 0.93
-18 265 -15
39 5 30
0.0 0.0 0.0
0.0 0.0 0.0

o sphere24 sphere 7500.0
1.0 0.0 0.0
-19 270 -19
59 34 0
0.0 0.0 0.0
0.0 0.0 0.0

o icostone24 icostone 7500.0
0.96 0.96 0.96
-19 270 -17
67 70 64
0.0 0.0 0.0
0.0 0.0 0.0

o pyramid24 pyramid 8500.0
1.0 0.84 0.0
-17 275 -18
85 29 73
0.0 0.0 0.0
0.0 0.0 0.0

o cube25 cube 7500.0
0.39 0.58 0.93
-19 275 -17
72 60 4
0.0 0.0 0.0
0.0 0.0 0.0

o cube25 cube 7500.0
0.39 0.58 0.93
-20 275 -18
32 82 27
0.0 0.0 0.0
0.0 0.0 0.0

o cube25 cube 7500.0
0.39 0.58 0.93
-15 275 -14
59 23 24
0.0 0.0 0.0
0.0 0.0 0.0

o cube25 cube 7500.0
0.39 0.58 0.93
-18 275 -17
57 73 67
0.0 0.0 0.0
0.0 0.0 0.0

o sphere25 sphere 7500.0
1.0 0.0 0.0
-20 280 -18
64 12 69
0.0 0.0 0.0
0.0 0.0 0.0

o icostone25 icostone 7500.0
0.96 0.96 0.96
-18 280 -18
8 7 3
0.0 0.0 0.0
0.0 0.0 0.0

o pyramid25 pyramid 8500.0
1.0 0.84 0.0
-19 285 -16
7 77 9
0.0 0.0 0.0
0.0 0.0 0.0

o cube26 cube 7500.0
0.39 0.58 0.93
-17 285 -18
80 38 51
0.0 0.0 0.0
0.0 0.0 0.0

o cube26 cube 7500.0
0.39 0.58 0.93
-19 285 -18
44 16 23
0.0 0.0 0.0
0.0 0.0 0.0

o cube26 cube 7500.0
0.39 0.58 0.93
-16 285 -13
55 73 38
0.0 0.0 0.0
0.0 0.0 0.0

o cube26 cube 7500.0
0.39 0.58 0.93
-17 285 -17
40 46 66
0.0 0.0 0.0
0.0 0.0 0.0

o sphere26 sphere 7500.0
1.0 0.0 0.0
-20 290 -19
46 59 32
0.0 0.0 0.0
0.0 0.0 0.0

o icostone26 icostone 7500.0
0.96 0.96 0.96
-19 290 -17
22 49 58
0.0 0.0 0.0
0.0 0.0 0.0

o pyramid26 pyramid 8500.0
1.0 0.84 0.0
-19 295 -16
11 76 17
0.0 0.0 0.0
0.0 0.0 0.0

o cube27 cube 7500.0
0.39 0.58 0.93
-19 295 -18
36 77 0
0.0 0.0 0.0
0.0 0.0 0.0

o cube27 cube 7500.0
0.39 0.58 0.93
-21 295 -19
69 5 53
0.0 0.0 0.0
0.0 0.0 0.0

o cube27 cube 7500.0
0.39 0.58 0.93
-16 295 -14
58 80 16
0.0 0.0 0.0
0.0 0.0 0.0

o cube27 cube 7500.0
0.39 0.58 0.93
-17 295 -17
2 50 54
0.0 0.0 0.0
0.0 0.0 0.0

o sphere27 sphere 7500.0
1.0 0.0 0.0
-21 300 -19
23 24 17
0.0 0.0 0.0
0.0 0.0 0.0

o icostone27 icostone 7500.0
0.96 0.96 0.96
-18 300 -18
19 85 47
0.0 0.0 0.0
0.0 0.0 0.0

o pyramid27 pyramid 8500.0
1.0 0.84 0.0
-19 305 -17
68 11 26
0.0 0.0 0.0
0.0 0.0 0.0

o cube28 cube 7500.0
0.39 0.58 0.93
-18 305 -17
43 49 70
0.0 0.0 0.0
0.0 0.0 0.0

o cube28 cube 7500.0
0.39 0.58 0.93
-20 305 -20
8 77 45
0.0 0.0 0.0
0.0 0.0 0.0

o cube28 cube 7500.0
0.39 0.58 0.93
-15 305 -13
76 33 50
0.0 0.0 0.0
0.0 0.0 0.0

o cube28 cube 7500.0
0.39 0.58 0.93
-17 305 -15
50 55 15
0.0 0.0 0.0
0.0 0.0 0.0

o sphere28 sphere 7500.0
1.0 0.0 0.0
-19 310 -19
16 28 38
0.0 0.0 0.0
0.0 0.0 0.0

o icostone28 icostone 7500.0
0.96 0.96 0.96
-17 310 -18
82 62 54
0.0 0.0 0.0
0.0 0.0 0.0

o pyramid28 pyramid 8500.0
1.0 0.84 0.0
-18 315 -16
17 66 35
0.0 0.0 0.0
0.0 0.0 0.0

o cube29 cube 7500.0
0.39 0.58 0.93
-18 315 -18
14 58 70
0.0 0.0 0.0
0.0 0.0 0.0

o cube29 cube 7500.0
0.39 0.58 0.93
-21 315 -18
66 16 25
0.0 0.0 0.0
0.0 0.0 0.0

o cube29 cube 7500.0
0.39 0.58 0.93
-15 315 -15
3 49 31
0.0 0.0 0.0
0.0 0.0 0.0

o cube29 cube 7500.0
0.39 0.58 0.93
-16 315 -16
36 57 51
0.0 0.0 0.0
0.0 0.0 0.0

o sphere29 sphere 7500.0
1.0 0.0 0.0
-20 320 -18
11 58 24
0.0 0.0 0.0
0.0 0.0 0.0

o icostone29 icostone 7500.0
0.96 0.96 0.96
-19 320 -17
80 5 78
0.0 0.0 0.0
0.0 0.0 0.0

o pyramid29 pyramid 8500.0
1.0 0.84 0.0
-17 325 -16
32 47 53
0.0 0.0 0.0
0.0 0.0 0.0

o cube30 cube 7500.0
0.39 0.58 0.93
-17 325 -16
29 35 62
0.0 0.0 0.0
0.0 0.0 0.0

o cube30 cube 7500.0
0.39 0.58 0.93
-19 325 -20
41 38 61
0.0 0.0 0.0
0.0 0.0 0.0

o cube30 cube 7500.0
0.39 0.58 0.93
-14 325 -13
62 38 17
0.0 0.0 0.0
0.0 0.0 0.0

o cube30 cube 7500.0
0.39 0.58 0.93
-18 325 -15
37 11 5
0.0 0.0 0.0
0.0 0.0 0.0

o sphere30 sphere 7500.0
1.0 0.0 0.0
-20 330 -19
0 55 61
0.0 0.0 0.0
0.0 0.0 0.0

o icostone30 icostone 7500.0
0.96 0.96 0.96
-18 330 -18
10 12 24
0.0 0.0 0.0
0.0 0.0 0.0

o pyramid30 pyramid 8500.0
1.0 0.84 0.0
-19 335 -17
50 3 49
0.0 0.0 0.0
0.0 0.0 0.0

o cube31 cube 7500.0
0.39 0.58 0.93
-17 335 -18
40 51 89
0.0 0.0 0.0
0.0 0.0 0.0

o cube31 cube 7500.0
0.39 0.58 0.93
-20 335 -18
50 14 85
0.0 0.0 0.0
0.0 0.0 0.0

o cube31 cube 7500.0
0.39 0.58 0.93
-16 335 -13
12 15 41
0.0 0.0 0.0
0.0 0.0 0.0

o cube31 cube 7500.0
0.39 0.58 0.93
-18 335 -16
75 62 19
0.0 0.0 0.0
0.0 0.0 0.0

o sphere31 sphere 7500.0
1.0 0.0 0.0
-21 340 -18
90 47 21
0.0 0.0 0.0
0.0 0.0 0.0

o icostone31 icostone 7500.0
0.96 0.96 0.96
-18 340 -16
76 46 41
0.0 0.0 0.0
0.0 0.0 0.0

o pyramid31 pyramid 8500.0
1.0 0.84 0.0
-17 345 -16
64 86 66
0.0 0.0 0.0
0.0 0.0 0.0

o cube32 cube 7500.0
0.39 0.58 0.93
-19 345 -17
69 76 10
0.0 0.0 0.0
0.0 0.0 0.0

o cube32 cube 7500.0
0.39 0.58 0.93
-19 345 -19
90 36 60
0.0 0.0 0.0
0.0 0.0 0.0

o cube32 cube 7500.0
0.39 0.58 0.93
-15 345 -14
54 39 53
0.0 0.0 0.0
0.0 0.0 0.0

o cube32 cube 7500.0
0.39 0.58 0.93
-16 345 -17
0 24 83
0.0 0.0 0.0
0.0 0.0 0.0

o sphere32 sphere 7500.0
1.0 0.0 0.0
-20 350 -20
82 57 88
0.0 0.0 0.0
0.0 0.0 0.0

o icostone32 icostone 7500.0
0.96 0.96 0.96
-19 350 -18
46 81 84
0.0 0.0 0.0
0.0 0.0 0.0

o pyramid32 pyramid 8500.0
1.0 0.84 0.0
-19 355 -17
46 17 4
0.0 0.0 0.0
0.0 0.0 0.0

o cube33 cube 7500.0
0.39 0.58 0.93
-18 355 -18
45 20 14
0.0 0.0 0.0
0.0 0.0 0.0

o cube33 cube 7500.0
0.39 0.58 0.93
-20 355 -18
51 48 85
0.0 0.0 0.0
0.0 0.0 0.0

o cube33 cube 7500.0
0.39 0.58 0.93
-15 355 -13
51 83 37
0.0 0.0 0.0
0.0 0.0 0.0

o cube33 cube 7500.0
0.39 0.58 0.93
-16 355 -17
52 78 82
0.0 0.0 0.0
0.0 0.0 0.0

o sphere33 sphere 7500.0
1.0 0.0 0.0
-20 360 -18
75 19 4
0.0 0.0 0.0
0.0 0.0 0.0

o icostone33 icostone 7500.0
0.96 0.96 0.96
-19 360 -18
54 33 73
0.0 0.0 0.0
0.0 0.0 0.0

o pyramid33 pyramid 8500.0
1.0 0.84 0.0
-18 365 -18
87 14 47
0.0 0.0 0.0
0.0 0.0 0.0

o cube34 cube 7500.0
0.39 0.58 0.93
-18 365 -17
18 68 55
0.0 0.0 0.0
0.0 0.0 0.0

o cube34 cube 7500.0
0.39 0.58 0.93
-21 365 -18
66 58 58
0.0 0.0 0.0
0.0 0.0 0.0

o cube34 cube 7500.0
0.39 0.58 0.93
-16 365 -15
39 28 18
0.0 0.0 0.0
0.0 0.0 0.0

o cube34 cube 7500.0
0.39 0.58 0.93
-16 365 -17
41 5 58
0.0 0.0 0.0
0.0 0.0 0.0

o sphere34 sphere 7500.0
1.0 0.0 0.0
-19 370 -19
27 16 48
0.0 0.0 0.0
0.0 0.0 0.0

o icostone34 icostone 7500.0
0.96 0.96 0.96
-18 370 -17
74 2 87
0.0 0.0 0.0
0.0 0.0 0.0

o pyramid34 pyramid 8500.0
1.0 0.84 0.0
-19 375 -17
55 69 90
0.0 0.0 0.0
0.0 0.0 0.0

o cube35 cube 7500.0
0.39 0.58 0.93
-18 375 -16
19 67 56
0.0 0.0 0.0
0.0 0.0 0.0

o cube35 cube 7500.0
0.39 0.58 0.93
-20 375 -20
10 34 52
0.0 0.0 0.0
0.0 0.0 0.0

o cube35 cube 7500.0
0.39 0.58 0.93
-16 375 -15
33 26 54
0.0 0.0 0.0
0.0 0.0 0.0

o cube35 cube 7500.0
0.39 0.58 0.93
-16 375 -16
24 51 52
0.0 0.0 0.0
0.0 0.0 0.0

o sphere35 sphere 7500.0
1.0 0.0 0.0
-21 380 -18
52 47 20
0.0 0.0 0.0
0.0 0.0 0.0

o icostone35 icostone 7500.0
0.96 0.96 0.96
-19 380 -18
20 17 44
0.0 0.0 0.0
0.0 0.0 0.0

o pyramid35 pyramid 8500.0
1.0 0.84 0.0
-17 385 -16
48 52 30
0.0 0.0 0.0
0.0 0.0 0.0

o cube36 cube 7500.0
0.39 0.58 0.93
-19 385 -17
83 38 38
0.0 0.0 0.0
0.0 0.0 0.0

o cube36 cube 7500.0
0.39 0.58 0.93
-21 385 -19
34 16 80
0.0 0.0 0.0
0.0 0.0 0.0

o cube36 cube 7500.0
0.39 0.58 0.93
-15 385 -13
29 9 10
0.0 0.0 0.0
0.0 0.0 0.0

o cube36 cube 7500.0
0.39 0.58 0.93
-18 385 -15
55 34 87
0.0 0.0 0.0
0.0 0.0 0.0

o sphere36 sphere 7500.0
1.0 0.0 0.0
-20 390 -19
59 16 14
0.0 0.0 0.0
0.0 0.0 0.0

o icostone36 icostone 7500.0
0.96 0.96 0.96
-19 390 -17
25 44 21
0.0 0.0 0.0
0.0 0.0 0.0

o pyramid36 pyramid 8500.0
1.0 0.84 0.0
-19 395 -17
25 37 9
0.0 0.0 0.0
0.0 0.0 0.0

o cube37 cube 7500.0
0.39 0.58 0.93
-18 395 -18
48 83 84
0.0 0.0 0.0
0.0 0.0 0.0

o cube37 cube 7500.0
0.39 0.58 0.93
-21 395 -19
50 48 49
0.0 0.0 0.0
0.0 0.0 0.0

o cube37 cube 7500.0
0.39 0.58 0.93
-14 395 -13
85 87 44
0.0 0.0 0.0
0.0 0.0 0.0

o cube37 cube 7500.0
0.39 0.58 0.93
-17 395 -15
53 24 19
0.0 0.0 0.0
0.0 0.0 0.0

o sphere37 sphere 7500.0
1.0 0.0 0.0
-19 400 -18
18 30 81
0.0 0.0 0.0
0.0 0.0 0.0

o icostone37 icostone 7500.0
0.96 0.96 0.96
-17 400 -16
35 74 44
0.0 0.0 0.0
0.0 0.0 0.0

o pyramid37 pyramid 8500.0
1.0 0.84 0.0
-17 405 -17
46 83 70
0.0 0.0 0.0
0.0 0.0 0.0

o cube38 cube 7500.0
0.39 0.58 0.93
-17 405 -18
58 81 50
0.0 0.0 0.0
0.0 0.0 0.0

o cube38 cube 7500.0
0.39 0.58 0.93
-21 405 -18
65 16 77
0.0 0.0 0.0
0.0 0.0 0.0

o cube38 cube 7500.0
0.39 0.58 0.93
-16 405 -15
53 56 15
0.0 0.0 0.0
0.0 0.0 0.0

o cube38 cube 7500.0
0.39 0.58 0.93
-18 405 -15
52 6 30
0.0 0.0 0.0
0.0 0.0 0.0

o sphere38 sphere 7500.0
1.0 0.0 0.0
-19 410 -18
9 32 23
0.0 0.0 0.0
0.0 0.0 0.0

o icostone38 icostone 7500.0
0.96 0.96 0.96
-17 410 -16
74 32 24
0.0 0.0 0.0
0.0 0.0 0.0

o pyramid38 pyramid 8500.0
1.0 0.84 0.0
-18 415 -17
12 13 56
0.0 0.0 0.0
0.0 0.0 0.0

o cube39 cube 7500.0
0.39 0.58 0.93
-19 415 -16
17 45 61
0.0 0.0 0.0
0.0 0.0 0.0

o cube39 cube 7500.0
0.39 0.58 0.93
-21 415 -19
18 66 61
0.0 0.0 0.0
0.0 0.0 0.0

o cube39 cube 7500.0
0.39 0.58 0.93
-15 415 -15
34 22 66
0.0 0.0 0.0
0.0 0.0 0.0

o cube39 cube 7500.0
0.39 0.58 0.93
-18 415 -17
59 15 76
0.0 0.0 0.0
0.0 0.0 0.0

o sphere39 sphere 7500.0
1.0 0.0 0.0
-20 420 -20
43 21 33
0.0 0.0 0.0
0.0 0.0 0.0

o icostone39 icostone 7500.0
0.96 0.96 0.96
-19 420 -16
44 10 22
0.0 0.0 0.0
0.0 0.0 0.0

o pyramid39 pyramid 8500.0
1.0 0.84 0.0
-17 425 -17
89 6 32
0.0 0.0 0.0
0.0 0.0 0.0

o cube40 cube 7500.0
0.39 0.58 0.93
-18 425 -17
7 41 52
0.0 0.0 0.0
0.0 0.0 0.0

o cube40 cube 7500.0
0.39 0.58 0.93
-21 425 -18
85 45 31
0.0 0.0 0.0
0.0 0.0 0.0

o cube40 cube 7500.0
0.39 0.58 0.93
-14 425 -15
90 71 51
0.0 0.0 0.0
0.0 0.0 0.0

o cube40 cube 7500.0
0.39 0.58 0.93
-18 425 -15
39 76 38
0.0 0.0 0.0
0.0 0.0 0.0

o sphere40 sphere 7500.0
1.0 0.0 0.0
-20 430 -18
7 65 84
0.0 0.0 0.0
0.0 0.0 0.0

o icostone40 icostone 7500.0
0.96 0.96 0.96
-19 430 -17
13 59 86
0.0 0.0 0.0
0.0 0.0 0.0

o pyramid40 pyramid 8500.0
1.0 0.84 0.0
-17 435 -16
16 35 71
0.0 0.0 0.0
0.0 0.0 0.0

o cube41 cube 7500.0
0.39 0.58 0.93
-17 435 -16
10 57 9
0.0 0.0 0.0
0.0 0.0 0.0

o cube41 cube 7500.0
0.39 0.58 0.93
-20 435 -20
80 20 48
0.0 0.0 0.0
0.0 0.0 0.0

o cube41 cube 7500.0
0.39 0.58 0.93
-16 435 -14
5 77 42
0.0 0.0 0.0
0.0 0.0 0.0

o cube41 cube 7500.0
0.39 0.58 0.93
-16 435 -15
20 55 11
0.0 0.0 0.0
0.0 0.0 0.0

o sphere41 sphere 7500.0
1.0 0.0 0.0
-20 440 -19
59 15 35
0.0 0.0 0.0
0.0 0.0 0.0

o icostone41 icostone 7500.0
0.96 0.96 0.96
-18 440 -17
11 31 43
0.0 0.0 0.0
0.0 0.0 0.0

o pyramid41 pyramid 8500.0
1.0 0.84 0.0
-18 445 -17
82 21 73
0.0 0.0 0.0
0.0 0.0 0.0

o cube42 cube 7500.0
0.39 0.58 0.93
-17 445 -17
43 19 30
0.0 0.0 0.0
0.0 0.0 0.0

o cube42 cube 7500.0
0.39 0.58 0.93
-21 445 -18
8 82 68
0.0 0.0 0.0
0.0 0.0 0.0

o cube42 cube 7500.0
0.39 0.58 0.93
-16 445 -15
6 30 72
0.0 0.0 0.0
0.0 0.0 0.0

o cube42 cube 7500.0
0.39 0.58 0.93
-18 445 -15
30 29 82
0.0 0.0 0.0
0.0 0.0 0.0

o sphere42 sphere 7500.0
1.0 0.0 0.0
-19 450 -20
72 0 53
0.0 0.0 0.0
0.0 0.0 0.0

o icostone42 icostone 7500.0
0.96 0.96 0.96
-19 450 -17
59 30 41
0.0 0.0 0.0
0.0 0.0 0.0

o pyramid42 pyramid 8500.0
1.0 0.84 0.0
-19 455 -18
63 40 11
0.0 0.0 0.0
0.0 0.0 0.0

o cube43 cube 7500.0
0.39 0.58 0.93
-19 455 -18
22 49 81
0.0 0.0 0.0
0.0 0.0 0.0

o cube43 cube 7500.0
0.39 0.58 0.93
-21 455 -19
25 7 39
0.0 0.0 0.0
0.0 0.0 0.0

o cube43 cube 7500.0
0.39 0.58 0.93
-14 455 -13
6 59 51
0.0 0.0 0.0
0.0 0.0 0.0

o cube43 cube 7500.0
0.39 0.58 0.93
-18 455 -15
59 42 45
0.0 0.0 0.0
0.0 0.0 0.0

o sphere43 sphere 7500.0
1.0 0.0 0.0
-20 460 -18
2 78 46
0.0 0.0 0.0
0.0 0.0 0.0

o icostone43 icostone 7500.0
0.96 0.96 0.96
-19 460 -17
26 20 77
0.0 0.0 0.0
0.0 0.0 0.0

o pyramid43 pyramid 8500.0
1.0 0.84 0.0
-17 465 -17
10 69 84
0.0 0.0 0.0
0.0 0.0 0.0

o cube44 cube 7500.0
0.39 0.58 0.93
-19 465 -17
39 89 15
0.0 0.0 0.0
0.0 0.0 0.0

o cube44 cube 7500.0
0.39 0.58 0.93
-20 465 -18
4 49 90
0.0 0.0 0.0
0.0 0.0 0.0

o cube44 cube 7500.0
0.39 0.58 0.93
-15 465 -13
81 67 52
0.0 0.0 0.0
0.0 0.0 0.0

o cube44 cube 7500.0
0.39 0.58 0.93
-16 465 -16
58 14 4
0.0 0.0 0.0
0.0 0.0 0.0

o sphere44 sphere 7500.0
1.0 0.0 0.0
-21 470 -18
51 0 66
0.0 0.0 0.0
0.0 0.0 0.0

o icostone44 icostone 7500.0
0.96 0.96 0.96
-19 470 -17
68 48 50
0.0 0.0 0.0
0.0 0.0 0.0

o pyramid44 pyramid 8500.0
1.0 0.84 0.0
-18 475 -17
47 82 26
0.0 0.0 0.0
0.0 0.0 0.0

o cube45 cube 7500.0
0.39 0.58 0.93
-17 475 -18
12 26 74
0.0 0.0 0.0
0.0 0.0 0.0

o cube45 cube 7500.0
0.39 0.58 0.93
-21 475 -19
23 43 13
0.0 0.0 0.0
0.0 0.0 0.0

o cube45 cube 7500.0
0.39 0.58 0.93
-14 475 -13
22 81 59
0.0 0.0 0.0
0.0 0.0 0.0

o cube45 cube 7500.0
0.39 0.58 0.93
-18 475 -17
56 20 70
0.0 0.0 0.0
0.0 0.0 0.0

o sphere45 sphere 7500.0
1.0 0.0 0.0
-19 480 -18
35 6 61
0.0 0.0 0.0
0.0 0.0 0.0

o icostone45 icostone 7500.0
0.96 0.96 0.96
-19 480 -16
36 89 21
0.0 0.0 0.0
0.0 0.0 0.0

o pyramid45 pyramid 8500.0
1.0 0.84 0.0
-17 485 -18
33 83 10
0.0 0.0 0.0
0.0 0.0 0.0

o cube46 cube 7500.0
0.39 0.58 0.93
-18 485 -18
69 39 78
0.0 0.0 0.0
0.0 0.0 0.0

o cube46 cube 7500.0
0.39 0.58 0.93
-20 485 -19
78 3 42
0.0 0.0 0.0
0.0 0.0 0.0

o cube46 cube 7500.0
0.39 0.58 0.93
-16 485 -13
42 47 77
0.0 0.0 0.0
0.0 0.0 0.0

o cube46 cube 7500.0
0.39 0.58 0.93
-17 485 -16
0 6 72
0.0 0.0 0.0
0.0 0.0 0.0

o sphere46 sphere 7500.0
1.0 0.0 0.0
-19 490 -20
2 88 23
0.0 0.0 0.0
0.0 0.0 0.0

o icostone46 icostone 7500.0
0.96 0.96 0.96
-19 490 -17
37 38 42
0.0 0.0 0.0
0.0 0.0 0.0

o pyramid46 pyramid 8500.0
1.0 0.84 0.0
-18 495 -16
32 53 45
0.0 0.0 0.0
0.0 0.0 0.0

o cube47 cube 7500.0
0.39 0.58 0.93
-17 495 -17
84 78 16
0.0 0.0 0.0
0.0 0.0 0.0

o cube47 cube 7500.0
0.39 0.58 0.93
-20 495 -19
86 22 67
0.0 0.0 0.0
0.0 0.0 0.0

o cube47 cube 7500.0
0.39 0.58 0.93
-15 495 -15
35 45 1
0.0 0.0 0.0
0.0 0.0 0.0

o cube47 cube 7500.0
0.39 0.58 0.93
-16 495 -17
62 6 62
0.0 0.0 0.0
0.0 0.0 0.0

o sphere47 sphere 7500.0
1.0 0.0 0.0
-19 500 -20
41 37 54
0.0 0.0 0.0
0.0 0.0 0.0

o icostone47 icostone 7500.0
0.96 0.96 0.96
-18 500 -18
88 80 16
0.0 0.0 0.0
0.0 0.0 0.0

o pyramid47 pyramid 8500.0
1.0 0.84 0.0
-17 505 -17
3 64 16
0.0 0.0 0.0
0.0 0.0 0.0

o cube48 cube 7500.0
0.39 0.58 0.93
-18 505 -17
75 12 40
0.0 0.0 0.0
0.0 0.0 0.0

o cube48 cube 7500.0
0.39 0.58 0.93
-21 505 -20
56 10 89
0.0 0.0 0.0
0.0 0.0 0.0

o cube48 cube 7500.0
0.39 0.58 0.93
-14 505 -13
79 74 84
0.0 0.0 0.0
0.0 0.0 0.0

o cube48 cube 7500.0
0.39 0.58 0.93
-16 505 -15
19 13 8
0.0 0.0 0.0
0.0 0.0 0.0

o sphere48 sphere 7500.0
1.0 0.0 0.0
-19 510 -19
18 67 69
0.0 0.0 0.0
0.0 0.0 0.0

o icostone48 icostone 7500.0
0.96 0.96 0.96
-17 510 -16
38 52 51
0.0 0.0 0.0
0.0 0.0 0.0

o pyramid48 pyramid 8500.0
1.0 0.84 0.0
-18 515 -17
7 22 6
0.0 0.0 0.0
0.0 0.0 0.0

o cube49 cube 7500.0
0.39 0.58 0.93
-18 515 -18
57 44 29
0.0 0.0 0.0
0.0 0.0 0.0

o cube49 cube 7500.0
0.39 0.58 0.93
-19 515 -18
59 79 46
0.0 0.0 0.0
0.0 0.0 0.0

o cube49 cube 7500.0
0.39 0.58 0.93
-14 515 -13
40 11 50
0.0 0.0 0.0
0.0 0.0 0.0

o cube49 cube 7500.0
0.39 0.58 0.93
-16 515 -15
68 84 70
0.0 0.0 0.0
0.0 0.0 0.0

o sphere49 sphere 7500.0
1.0 0.0 0.0
-20 520 -20
2 46 2
0.0 0.0 0.0
0.0 0.0 0.0

o icostone49 icostone 7500.0
0.96 0.96 0.96
-17 520 -16
44 71 53
0.0 0.0 0.0
0.0 0.0 0.0

o pyramid49 pyramid 8500.0
1.0 0.84 0.0
-19 525 -17
79 31 45
0.0 0.0 0.0
0.0 0.0 0.0

o cube50 cube 7500.0
0.39 0.58 0.93
-17 525 -17
15 72 67
0.0 0.0 0.0
0.0 0.0 0.0

o cube50 cube 7500.0
0.39 0.58 0.93
-21 525 -19
82 41 46
0.0 0.0 0.0
0.0 0.0 0.0

o cube50 cube 7500.0
0.39 0.58 0.93
-16 525 -14
76 47 52
0.0 0.0 0.0
0.0 0.0 0.0

o cube50 cube 7500.0
0.39 0.58 0.93
-17 525 -15
41 42 28
0.0 0.0 0.0
0.0 0.0 0.0

o sphere50 sphere 7500.0
1.0 0.0 0.0
-20 530 -18
30 87 86
0.0 0.0 0.0
0.0 0.0 0.0

o icostone50 icostone 7500.0
0.96 0.96 0.96
-17 530 -16
3 3 75
0.0 0.0 0.0
0.0 0.0 0.0

o pyramid50 pyramid 8500.0
1.0 0.84 0.0
-19 535 -17
80 67 22
0.0 0.0 0.0
0.0 0.0 0.0

o cube51 cube 7500.0
0.39 0.58 0.93
-19 535 -18
27 10 37
0.0 0.0 0.0
0.0 0.0 0.0

o cube51 cube 7500.0
0.39 0.58 0.93
-21 535 -20
15 69 82
0.0 0.0 0.0
0.0 0.0 0.0

o cube51 cube 7500.0
0.39 0.58 0.93
-16 535 -14
9 32 51
0.0 0.0 0.0
0.0 0.0 0.0

o cube51 cube 7500.0
0.39 0.58 0.93
-16 535 -15
16 25 67
0.0 0.0 0.0
0.0 0.0 0.0

o sphere51 sphere 7500.0
1.0 0.0 0.0
-21 540 -18
35 63 26
0.0 0.0 0.0
0.0 0.0 0.0

o icostone51 icostone 7500.0
0.96 0.96 0.96
-18 540 -16
7 12 67
0.0 0.0 0.0
0.0 0.0 0.0

o pyramid51 pyramid 8500.0
1.0 0.84 0.0
-19 545 -17
11 6 28
0.0 0.0 0.0
0.0 0.0 0.0

o cube52 cube 7500.0
0.39 0.58 0.93
-18 545 -17
90 68 2
0.0 0.0 0.0
0.0 0.0 0.0

o cube52 cube 7500.0
0.39 0.58 0.93
-19 545 -19
81 58 18
0.0 0.0 0.0
0.0 0.0 0.0

o cube52 cube 7500.0
0.39 0.58 0.93
-14 545 -14
67 0 56
0.0 0.0 0.0
0.0 0.0 0.0

o cube52 cube 7500.0
0.39 0.58 0.93
-16 545 -16
87 66 79
0.0 0.0 0.0
0.0 0.0 0.0

o sphere52 sphere 7500.0
1.0 0.0 0.0
-20 550 -19
44 59 31
0.0 0.0 0.0
0.0 0.0 0.0

o icostone52 icostone 7500.0
0.96 0.96 0.96
-19 550 -18
80 70 43
0.0 0.0 0.0
0.0 0.0 0.0

o pyramid52 pyramid 8500.0
1.0 0.84 0.0
-19 555 -17
49 5 7
0.0 0.0 0.0
0.0 0.0 0.0

o cube53 cube 7500.0
0.39 0.58 0.93
-17 555 -16
21 53 78
0.0 0.0 0.0
0.0 0.0 0.0

o cube53 cube 7500.0
0.39 0.58 0.93
-20 555 -20
13 23 70
0.0 0.0 0.0
0.0 0.0 0.0

o cube53 cube 7500.0
0.39 0.58 0.93
-14 555 -14
19 60 14
0.0 0.0 0.0
0.0 0.0 0.0

o cube53 cube 7500.0
0.39 0.58 0.93
-17 555 -16
27 81 8
0.0 0.0 0.0
0.0 0.0 0.0

o sphere53 sphere 7500.0
1.0 0.0 0.0
-20 560 -19
16 14 18
0.0 0.0 0.0
0.0 0.0 0.0

o icostone53 icostone 7500.0
0.96 0.96 0.96
-19 560 -18
33 83 57
0.0 0.0 0.0
0.0 0.0 0.0

o pyramid53 pyramid 8500.0
1.0 0.84 0.0
-17 565 -16
68 4 87
0.0 0.0 0.0
0.0 0.0 0.0

o cube54 cube 7500.0
0.39 0.58 0.93
-17 565 -18
75 25 55
0.0 0.0 0.0
0.0 0.0 0.0

o cube54 cube 7500.0
0.39 0.58 0.93
-21 565 -19
84 39 76
0.0 0.0 0.0
0.0 0.0 0.0

o cube54 cube 7500.0
0.39 0.58 0.93
-15 565 -13
12 9 17
0.0 0.0 0.0
0.0 0.0 0.0

o cube54 cube 7500.0
0.39 0.58 0.93
-17 565 -15
35 63 45
0.0 0.0 0.0
0.0 0.0 0.0

o sphere54 sphere 7500.0
1.0 0.0 0.0
-21 570 -19
49 32 50
0.0 0.0 0.0
0.0 0.0 0.0

o icostone54 icostone 7500.0
0.96 0.96 0.96
-17 570 -18
27 76 37
0.0 0.0 0.0
0.0 0.0 0.0

o pyramid54 pyramid 8500.0
1.0 0.84 0.0
-17 575 -16
47 29 11
0.0 0.0 0.0
0.0 0.0 0.0

o cube55 cube 7500.0
0.39 0.58 0.93
-19 575 -16
79 57 35
0.0 0.0 0.0
0.0 0.0 0.0

o cube55 cube 7500.0
0.39 0.58 0.93
-21 575 -20
60 10 18
0.0 0.0 0.0
0.0 0.0 0.0

o cube55 cube 7500.0
0.39 0.58 0.93
-16 575 -13
20 64 22
0.0 0.0 0.0
0.0 0.0 0.0

o cube55 cube 7500.0
0.39 0.58 0.93
-18 575 -17
67 9 24
0.0 0.0 0.0
0.0 0.0 0.0

o sphere55 sphere 7500.0
1.0 0.0 0.0
-20 580 -20
86 32 13
0.0 0.0 0.0
0.0 0.0 0.0

o icostone55 icostone 7500.0
0.96 0.96 0.96
-19 580 -18
28 81 37
0.0 0.0 0.0
0.0 0.0 0.0

o pyramid55 pyramid 8500.0
1.0 0.84 0.0
-18 585 -16
88 40 30
0.0 0.0 0.0
0.0 0.0 0.0

o cube56 cube 7500.0
0.39 0.58 0.93
-18 585 -16
76 38 87
0.0 0.0 0.0
0.0 0.0 0.0

o cube56 cube 7500.0
0.39 0.58 0.93
-20 585 -18
11 9 1
0.0 0.0 0.0
0.0 0.0 0.0

o cube56 cube 7500.0
0.39 0.58 0.93
-15 585 -13
45 22 72
0.0 0.0 0.0
0.0 0.0 0.0

o cube56 cube 7500.0
0.39 0.58 0.93
-18 585 -17
21 32 4
0.0 0.0 0.0
0.0 0.0 0.0

o sphere56 sphere 7500.0
1.0 0.0 0.0
-20 590 -20
90 77 68
0.0 0.0 0.0
0.0 0.0 0.0

o icostone56 icostone 7500.0
0.96 0.96 0.96
-18 590 -18
58 40 46
0.0 0.0 0.0
0.0 0.0 0.0

o pyramid56 pyramid 8500.0
1.0 0.84 0.0
-18 595 -17
53 83 31
0.0 0.0 0.0
0.0 0.0 0.0

o cube57 cube 7500.0
0.39 0.58 0.93
-19 595 -18
2 44 82
0.0 0.0 0.0
0.0 0.0 0.0

o cube57 cube 7500.0
0.39 0.58 0.93
-19 595 -18
0 39 38
0.0 0.0 0.0
0.0 0.0 0.0

o cube57 cube 7500.0
0.39 0.58 0.93
-16 595 -15
86 40 35
0.0 0.0 0.0
0.0 0.0 0.0

o cube57 cube 7500.0
0.39 0.58 0.93
-17 595 -15
21 66 58
0.0 0.0 0.0
0.0 0.0 0.0

o sphere57 sphere 7500.0
1.0 0.0 0.0
-20 600 -20
67 28 13
0.0 0.0 0.0
0.0 0.0 0.0

o icostone57 icostone 7500.0
0.96 0.96 0.96
-19 600 -18
73 59 52
0.0 0.0 0.0
0.0 0.0 0.0

o pyramid57 pyramid 8500.0
1.0 0.84 0.0
-19 605 -16
14 32 38
0.0 0.0 0.0
0.0 0.0 0.0

o cube58 cube 7500.0
0.39 0.58 0.93
-18 605 -18
86 19 63
0.0 0.0 0.0
0.0 0.0 0.0

o cube58 cube 7500.0
0.39 0.58 0.93
-19 605 -19
86 72 70
0.0 0.0 0.0
0.0 0.0 0.0

o cube58 cube 7500.0
0.39 0.58 0.93
-16 605 -15
0 25 6
0.0 0.0 0.0
0.0 0.0 0.0

o cube58 cube 7500.0
0.39 0.58 0.93
-16 605 -15
68 14 81
0.0 0.0 0.0
0.0 0.0 0.0

o sphere58 sphere 7500.0
1.0 0.0 0.0
-19 610 -18
23 85 39
0.0 0.0 0.0
0.0 0.0 0.0

o icostone58 icostone 7500.0
0.96 0.96 0.96
-18 610 -18
78 3 10
0.0 0.0 0.0
0.0 0.0 0.0

o pyramid58 pyramid 8500.0
1.0 0.84 0.0
-17 615 -17
87 90 11
0.0 0.0 0.0
0.0 0.0 0.0

o cube59 cube 7500.0
0.39 0.58 0.93
-19 615 -18
45 61 44
0.0 0.0 0.0
0.0 0.0 0.0

o cube59 cube 7500.0
0.39 0.58 0.93
-19 615 -18
43 42 30
0.0 0.0 0.0
0.0 0.0 0.0

o cube59 cube 7500.0
0.39 0.58 0.93
-16 615 -14
46 36 74
0.0 0.0 0.0
0.0 0.0 0.0

o cube59 cube 7500.0
0.39 0.58 0.93
-17 615 -17
75 1 48
0.0 0.0 0.0
0.0 0.0 0.0

o sphere59 sphere 7500.0
1.0 0.0 0.0
-19 620 -20
42 44 86
0.0 0.0 0.0
0.0 0.0 0.0

o icostone59 icostone 7500.0
0.96 0.96 0.96
-17 620 -16
60 46 50
0.0 0.0 0.0
0.0 0.0 0.0

o pyramid59 pyramid 8500.0
1.0 0.84 0.0
-18 625 -17
69 6 61
0.0 0.0 0.0
0.0 0.0 0.0

o cube60 cube 7500.0
0.39 0.58 0.93
-19 625 -17
72 62 75
0.0 0.0 0.0
0.0 0.0 0.0

o cube60 cube 7500.0
0.39 0.58 0.93
-21 625 -19
48 83 54
0.0 0.0 0.0
0.0 0.0 0.0

o cube60 cube 7500.0
0.39 0.58 0.93
-14 625 -15
76 11 23
0.0 0.0 0.0
0.0 0.0 0.0

o cube60 cube 7500.0
0.39 0.58 0.93
-18 625 -17
22 82 7
0.0 0.0 0.0
0.0 0.0 0.0

o sphere60 sphere 7500.0
1.0 0.0 0.0
-21 630 -20
63 27 62
0.0 0.0 0.0
0.0 0.0 0.0

o icostone60 icostone 7500.0
0.96 0.96 0.96
-18 630 -17
65 67 57
0.0 0.0 0.0
0.0 0.0 0.0

o pyramid60 pyramid 8500.0
1.0 0.84 0.0
-17 635 -18
66 58 22
0.0 0.0 0.0
0.0 0.0 0.0

o cube61 cube 7500.0
0.39 0.58 0.93
-18 635 -16
27 7 39
0.0 0.0 0.0
0.0 0.0 0.0

o cube61 cube 7500.0
0.39 0.58 0.93
-20 635 -18
42 24 42
0.0 0.0 0.0
0.0 0.0 0.0

o cube61 cube 7500.0
0.39 0.58 0.93
-15 635 -13
89 32 71
0.0 0.0 0.0
0.0 0.0 0.0

o cube61 cube 7500.0
0.39 0.58 0.93
-16 635 -17
35 29 3
0.0 0.0 0.0
0.0 0.0 0.0

o sphere61 sphere 7500.0
1.0 0.0 0.0
-21 640 -19
77 71 50
0.0 0.0 0.0
0.0 0.0 0.0

o icostone61 icostone 7500.0
0.96 0.96 0.96
-18 640 -17
90 27 89
0.0 0.0 0.0
0.0 0.0 0.0

o pyramid61 pyramid 8500.0
1.0 0.84 0.0
-19 645 -18
30 82 23
0.0 0.0 0.0
0.0 0.0 0.0

o cube62 cube 7500.0
0.39 0.58 0.93
-17 645 -16
84 65 32
0.0 0.0 0.0
0.0 0.0 0.0

o cube62 cube 7500.0
0.39 0.58 0.93
-20 645 -20
58 69 0
0.0 0.0 0.0
0.0 0.0 0.0

o cube62 cube 7500.0
0.39 0.58 0.93
-15 645 -14
15 21 49
0.0 0.0 0.0
0.0 0.0 0.0

o cube62 cube 7500.0
0.39 0.58 0.93
-16 645 -16
34 38 84
0.0 0.0 0.0
0.0 0.0 0.0

o sphere62 sphere 7500.0
1.0 0.0 0.0
-20 650 -20
46 0 72
0.0 0.0 0.0
0.0 0.0 0.0

o icostone62 icostone 7500.0
0.96 0.96 0.96
-19 650 -16
66 73 36
0.0 0.0 0.0
0.0 0.0 0.0

o pyramid62 pyramid 8500.0
1.0 0.84 0.0
-18 655 -16
25 18 2
0.0 0.0 0.0
0.0 0.0 0.0

o cube63 cube 7500.0
0.39 0.58 0.93
-18 655 -18
65 62 46
0.0 0.0 0.0
0.0 0.0 0.0

o cube63 cube 7500.0
0.39 0.58 0.93
-21 655 -20
53 77 28
0.0 0.0 0.0
0.0 0.0 0.0

o cube63 cube 7500.0
0.39 0.58 0.93
-15 655 -13
4 62 14
0.0 0.0 0.0
0.0 0.0 0.0

o cube63 cube 7500.0
0.39 0.58 0.93
-16 655 -16
54 38 60
0.0 0.0 0.0
0.0 0.0 0.0

o sphere63 sphere 7500.0
1.0 0.0 0.0
-21 660 -19
89 39 81
0.0 0.0 0.0
0.0 0.0 0.0

o icostone63 icostone 7500.0
0.96 0.96 0.96
-18 660 -18
38 8 53
0.0 0.0 0.0
0.0 0.0 0.0

o pyramid63 pyramid 8500.0
1.0 0.84 0.0
-17 665 -16
56 63 12
0.0 0.0 0.0
0.0 0.0 0.0

o cube64 cube 7500.0
0.39 0.58 0.93
-19 665 -18
41 53 87
0.0 0.0 0.0
0.0 0.0 0.0

o cube64 cube 7500.0
0.39 0.58 0.93
-19 665 -18
34 58 74
0.0 0.0 0.0
0.0 0.0 0.0

o cube64 cube 7500.0
0.39 0.58 0.93
-16 665 -14
66 39 42
0.0 0.0 0.0
0.0 0.0 0.0

o cube64 cube 7500.0
0.39 0.58 0.93
-17 665 -15
15 13 36
0.0 0.0 0.0
0.0 0.0 0.0

o sphere64 sphere 7500.0
1.0 0.0 0.0
-21 670 -20
78 88 17
0.0 0.0 0.0
0.0 0.0 0.0

o icostone64 icostone 7500.0
0.96 0.96 0.96
-18 670 -18
49 20 45
0.0 0.0 0.0
0.0 0.0 0.0

o pyramid64 pyramid 8500.0
1.0 0.84 0.0
-18 675 -16
52 25 17
0.0 0.0 0.0
0.0 0.0 0.0

o cube65 cube 7500.0
0.39 0.58 0.93
-17 675 -16
57 81 16
0.0 0.0 0.0
0.0 0.0 0.0

o cube65 cube 7500.0
0.39 0.58 0.93
-20 675 -18
51 28 71
0.0 0.0 0.0
0.0 0.0 0.0

o cube65 cube 7500.0
0.39 0.58 0.93
-14 675 -13
7 28 43
0.0 0.0 0.0
0.0 0.0 0.0

o cube65 cube 7500.0
0.39 0.58 0.93
-18 675 -15
55 44 53
0.0 0.0 0.0
0.0 0.0 0.0

o sphere65 sphere 7500.0
1.0 0.0 0.0
-20 680 -18
22 24 62
0.0 0.0 0.0
0.0 0.0 0.0

o icostone65 icostone 7500.0
0.96 0.96 0.96
-17 680 -16
37 3 23
0.0 0.0 0.0
0.0 0.0 0.0

o pyramid65 pyramid 8500.0
1.0 0.84 0.0
-19 685 -16
37 4 41
0.0 0.0 0.0
0.0 0.0 0.0

o cube66 cube 7500.0
0.39 0.58 0.93
-18 685 -16
48 10 74
0.0 0.0 0.0
0.0 0.0 0.0

o cube66 cube 7500.0
0.39 0.58 0.93
-21 685 -18
16 65 48
0.0 0.0 0.0
0.0 0.0 0.0

o cube66 cube 7500.0
0.39 0.58 0.93
-14 685 -15
15 29 67
0.0 0.0 0.0
0.0 0.0 0.0

o cube66 cube 7500.0
0.39 0.58 0.93
-17 685 -15
62 37 26
0.0 0.0 0.0
0.0 0.0 0.0

o sphere66 sphere 7500.0
1.0 0.0 0.0
-20 690 -18
15 38 17
0.0 0.0 0.0
0.0 0.0 0.0

o icostone66 icostone 7500.0
0.96 0.96 0.96
-17 690 -18
29 77 89
0.0 0.0 0.0
0.0 0.0 0.0

o pyramid66 pyramid 8500.0
1.0 0.84 0.0
-18 695 -18
10 62 51
0.0 0.0 0.0
0.0 0.0 0.0

o cube67 cube 7500.0
0.39 0.58 0.93
-19 695 -18
26 80 80
0.0 0.0 0.0
0.0 0.0 0.0

o cube67 cube 7500.0
0.39 0.58 0.93
-20 695 -18
12 29 67
0.0 0.0 0.0
0.0 0.0 0.0

o cube67 cube 7500.0
0.39 0.58 0.93
-16 695 -14
64 38 88
0.0 0.0 0.0
0.0 0.0 0.0

o cube67 cube 7500.0
0.39 0.58 0.93
-17 695 -17
1 45 0
0.0 0.0 0.0
0.0 0.0 0.0

o sphere67 sphere 7500.0
1.0 0.0 0.0
-20 700 -20
5 5 36
0.0 0.0 0.0
0.0 0.0 0.0

o icostone67 icostone 7500.0
0.96 0.96 0.96
-18 700 -18
74 40 39
0.0 0.0 0.0
0.0 0.0 0.0

o pyramid67 pyramid 8500.0
1.0 0.84 0.0
-19 705 -17
5 86 33
0.0 0.0 0.0
0.0 0.0 0.0

o cube68 cube 7500.0
0.39 0.58 0.93
-19 705 -18
37 45 45
0.0 0.0 0.0
0.0 0.0 0.0

o cube68 cube 7500.0
0.39 0.58 0.93
-21 705 -20
4 23 15
0.0 0.0 0.0
0.0 0.0 0.0

o cube68 cube 7500.0
0.39 0.58 0.93
-15 705 -15
71 20 65
0.0 0.0 0.0
0.0 0.0 0.0

o cube68 cube 7500.0
0.39 0.58 0.93
-17 705 -17
13 38 16
0.0 0.0 0.0
0.0 0.0 0.0

o sphere68 sphere 7500.0
1.0 0.0 0.0
-20 710 -19
22 11 51
0.0 0.0 0.0
0.0 0.0 0.0

o icostone68 icostone 7500.0
0.96 0.96 0.96
-17 710 -16
63 79 0
0.0 0.0 0.0
0.0 0.0 0.0

o pyramid68 pyramid 8500.0
1.0 0.84 0.0
-17 715 -18
16 17 19
0.0 0.0 0.0
0.0 0.0 0.0

o cube69 cube 7500.0
0.39 0.58 0.93
-18 715 -16
36 35 89
0.0 0.0 0.0
0.0 0.0 0.0

o cube69 cube 7500.0
0.39 0.58 0.93
-20 715 -18
19 64 63
0.0 0.0 0.0
0.0 0.0 0.0

o cube69 cube 7500.0
0.39 0.58 0.93
-16 715 -13
11 86 16
0.0 0.0 0.0
0.0 0.0 0.0

o cube69 cube 7500.0
0.39 0.58 0.93
-16 715 -17
44 49 7
0.0 0.0 0.0
0.0 0.0 0.0

o sphere69 sphere 7500.0
1.0 0.0 0.0
-20 720 -20
51 90 57
0.0 0.0 0.0
0.0 0.0 0.0

o icostone69 icostone 7500.0
0.96 0.96 0.96
-18 720 -17
32 27 26
0.0 0.0 0.0
0.0 0.0 0.0

o pyramid69 pyramid 8500.0
1.0 0.84 0.0
-19 725 -16
29 78 12
0.0 0.0 0.0
0.0 0.0 0.0

o ramp ramp INFINITY
0.26 0.26 0.26  color
-17.0 8.5 -17.0 position
0.0 -45.0 -45.0 rotation
0.0 0.0 0.0     velocity vector
0.0 0.0 0.0     angular velocity

o ground plane INFINITY
0.26 0.26 0.26	color
0.0 0.0 0.0	position
0.0 0.0 0.0	rotation
0.0 0.0 0.0	velocity vector
0.0 0.0 0.0	angular velocity


