m h icosphere	Models/icosphere.obj
m p plane 	Models/huge_plane.obj

o ground plane INFINITY
0.26 0.26 0.26	color
0.0 0.0 0.0	position
0.0 0.0 0.0	rotation
0.0 0.0 0.0	velocity vector
0.0 0.0 0.0	angular velocity

o cube-10 icosphere 7500.0
0.39 0.58 0.93
-30 0.5 -30
0 0 0
0.0 0.0 0.0
0.0 0.0 0.0

o cube-10 icosphere 7500.0
0.39 0.58 0.93
-30 0.5 -27
0 0 0
0.0 0.0 0.0
0.0 0.0 0.0

o cube-10 icosphere 7500.0
0.39 0.58 0.93
-30 0.5 -24
0 0 0
0.0 0.0 0.0
0.0 0.0 0.0

o cube-10 icosphere 7500.0
0.39 0.58 0.93
-30 0.5 -21
0 0 0
0.0 0.0 0.0
0.0 0.0 0.0

o cube-10 icosphere 7500.0
0.39 0.58 0.93
-30 0.5 -18
0 0 0
0.0 0.0 0.0
0.0 0.0 0.0

o cube-10 icosphere 7500.0
0.39 0.58 0.93
-30 0.5 -15
0 0 0
0.0 0.0 0.0
0.0 0.0 0.0

o cube-10 icosphere 7500.0
0.39 0.58 0.93
-30 0.5 -12
0 0 0
0.0 0.0 0.0
0.0 0.0 0.0

o cube-10 icosphere 7500.0
0.39 0.58 0.93
-30 0.5 -9
0 0 0
0.0 0.0 0.0
0.0 0.0 0.0

o cube-10 icosphere 7500.0
0.39 0.58 0.93
-30 0.5 -6
0 0 0
0.0 0.0 0.0
0.0 0.0 0.0

o cube-10 icosphere 7500.0
0.39 0.58 0.93
-30 0.5 -3
0 0 0
0.0 0.0 0.0
0.0 0.0 0.0

o cube-10 icosphere 7500.0
0.39 0.58 0.93
-30 0.5 0
0 0 0
0.0 0.0 0.0
0.0 0.0 0.0

o cube-10 icosphere 7500.0
0.39 0.58 0.93
-30 0.5 3
0 0 0
0.0 0.0 0.0
0.0 0.0 0.0

o cube-10 icosphere 7500.0
0.39 0.58 0.93
-30 0.5 6
0 0 0
0.0 0.0 0.0
0.0 0.0 0.0

o cube-10 icosphere 7500.0
0.39 0.58 0.93
-30 0.5 9
0 0 0
0.0 0.0 0.0
0.0 0.0 0.0

o cube-10 icosphere 7500.0
0.39 0.58 0.93
-30 0.5 12
0 0 0
0.0 0.0 0.0
0.0 0.0 0.0

o cube-10 icosphere 7500.0
0.39 0.58 0.93
-30 0.5 15
0 0 0
0.0 0.0 0.0
0.0 0.0 0.0

o cube-10 icosphere 7500.0
0.39 0.58 0.93
-30 0.5 18
0 0 0
0.0 0.0 0.0
0.0 0.0 0.0

o cube-10 icosphere 7500.0
0.39 0.58 0.93
-30 0.5 21
0 0 0
0.0 0.0 0.0
0.0 0.0 0.0

o cube-10 icosphere 7500.0
0.39 0.58 0.93
-30 0.5 24
0 0 0
0.0 0.0 0.0
0.0 0.0 0.0

o cube-10 icosphere 7500.0
0.39 0.58 0.93
-30 0.5 27
0 0 0
0.0 0.0 0.0
0.0 0.0 0.0

o cube-9 icosphere 7500.0
0.39 0.58 0.93
-27 0.5 -30
0 0 0
0.0 0.0 0.0
0.0 0.0 0.0

o cube-9 icosphere 7500.0
0.39 0.58 0.93
-27 0.5 -27
0 0 0
0.0 0.0 0.0
0.0 0.0 0.0

o cube-9 icosphere 7500.0
0.39 0.58 0.93
-27 0.5 -24
0 0 0
0.0 0.0 0.0
0.0 0.0 0.0

o cube-9 icosphere 7500.0
0.39 0.58 0.93
-27 0.5 -21
0 0 0
0.0 0.0 0.0
0.0 0.0 0.0

o cube-9 icosphere 7500.0
0.39 0.58 0.93
-27 0.5 -18
0 0 0
0.0 0.0 0.0
0.0 0.0 0.0

o cube-9 icosphere 7500.0
0.39 0.58 0.93
-27 0.5 -15
0 0 0
0.0 0.0 0.0
0.0 0.0 0.0

o cube-9 icosphere 7500.0
0.39 0.58 0.93
-27 0.5 -12
0 0 0
0.0 0.0 0.0
0.0 0.0 0.0

o cube-9 icosphere 7500.0
0.39 0.58 0.93
-27 0.5 -9
0 0 0
0.0 0.0 0.0
0.0 0.0 0.0

o cube-9 icosphere 7500.0
0.39 0.58 0.93
-27 0.5 -6
0 0 0
0.0 0.0 0.0
0.0 0.0 0.0

o cube-9 icosphere 7500.0
0.39 0.58 0.93
-27 0.5 -3
0 0 0
0.0 0.0 0.0
0.0 0.0 0.0

o cube-9 icosphere 7500.0
0.39 0.58 0.93
-27 0.5 0
0 0 0
0.0 0.0 0.0
0.0 0.0 0.0

o cube-9 icosphere 7500.0
0.39 0.58 0.93
-27 0.5 3
0 0 0
0.0 0.0 0.0
0.0 0.0 0.0

o cube-9 icosphere 7500.0
0.39 0.58 0.93
-27 0.5 6
0 0 0
0.0 0.0 0.0
0.0 0.0 0.0

o cube-9 icosphere 7500.0
0.39 0.58 0.93
-27 0.5 9
0 0 0
0.0 0.0 0.0
0.0 0.0 0.0

o cube-9 icosphere 7500.0
0.39 0.58 0.93
-27 0.5 12
0 0 0
0.0 0.0 0.0
0.0 0.0 0.0

o cube-9 icosphere 7500.0
0.39 0.58 0.93
-27 0.5 15
0 0 0
0.0 0.0 0.0
0.0 0.0 0.0

o cube-9 icosphere 7500.0
0.39 0.58 0.93
-27 0.5 18
0 0 0
0.0 0.0 0.0
0.0 0.0 0.0

o cube-9 icosphere 7500.0
0.39 0.58 0.93
-27 0.5 21
0 0 0
0.0 0.0 0.0
0.0 0.0 0.0

o cube-9 icosphere 7500.0
0.39 0.58 0.93
-27 0.5 24
0 0 0
0.0 0.0 0.0
0.0 0.0 0.0

o cube-9 icosphere 7500.0
0.39 0.58 0.93
-27 0.5 27
0 0 0
0.0 0.0 0.0
0.0 0.0 0.0

o cube-8 icosphere 7500.0
0.39 0.58 0.93
-24 0.5 -30
0 0 0
0.0 0.0 0.0
0.0 0.0 0.0

o cube-8 icosphere 7500.0
0.39 0.58 0.93
-24 0.5 -27
0 0 0
0.0 0.0 0.0
0.0 0.0 0.0

o cube-8 icosphere 7500.0
0.39 0.58 0.93
-24 0.5 -24
0 0 0
0.0 0.0 0.0
0.0 0.0 0.0

o cube-8 icosphere 7500.0
0.39 0.58 0.93
-24 0.5 -21
0 0 0
0.0 0.0 0.0
0.0 0.0 0.0

o cube-8 icosphere 7500.0
0.39 0.58 0.93
-24 0.5 -18
0 0 0
0.0 0.0 0.0
0.0 0.0 0.0

o cube-8 icosphere 7500.0
0.39 0.58 0.93
-24 0.5 -15
0 0 0
0.0 0.0 0.0
0.0 0.0 0.0

o cube-8 icosphere 7500.0
0.39 0.58 0.93
-24 0.5 -12
0 0 0
0.0 0.0 0.0
0.0 0.0 0.0

o cube-8 icosphere 7500.0
0.39 0.58 0.93
-24 0.5 -9
0 0 0
0.0 0.0 0.0
0.0 0.0 0.0

o cube-8 icosphere 7500.0
0.39 0.58 0.93
-24 0.5 -6
0 0 0
0.0 0.0 0.0
0.0 0.0 0.0

o cube-8 icosphere 7500.0
0.39 0.58 0.93
-24 0.5 -3
0 0 0
0.0 0.0 0.0
0.0 0.0 0.0

o cube-8 icosphere 7500.0
0.39 0.58 0.93
-24 0.5 0
0 0 0
0.0 0.0 0.0
0.0 0.0 0.0

o cube-8 icosphere 7500.0
0.39 0.58 0.93
-24 0.5 3
0 0 0
0.0 0.0 0.0
0.0 0.0 0.0

o cube-8 icosphere 7500.0
0.39 0.58 0.93
-24 0.5 6
0 0 0
0.0 0.0 0.0
0.0 0.0 0.0

o cube-8 icosphere 7500.0
0.39 0.58 0.93
-24 0.5 9
0 0 0
0.0 0.0 0.0
0.0 0.0 0.0

o cube-8 icosphere 7500.0
0.39 0.58 0.93
-24 0.5 12
0 0 0
0.0 0.0 0.0
0.0 0.0 0.0

o cube-8 icosphere 7500.0
0.39 0.58 0.93
-24 0.5 15
0 0 0
0.0 0.0 0.0
0.0 0.0 0.0

o cube-8 icosphere 7500.0
0.39 0.58 0.93
-24 0.5 18
0 0 0
0.0 0.0 0.0
0.0 0.0 0.0

o cube-8 icosphere 7500.0
0.39 0.58 0.93
-24 0.5 21
0 0 0
0.0 0.0 0.0
0.0 0.0 0.0

o cube-8 icosphere 7500.0
0.39 0.58 0.93
-24 0.5 24
0 0 0
0.0 0.0 0.0
0.0 0.0 0.0

o cube-8 icosphere 7500.0
0.39 0.58 0.93
-24 0.5 27
0 0 0
0.0 0.0 0.0
0.0 0.0 0.0

o cube-7 icosphere 7500.0
0.39 0.58 0.93
-21 0.5 -30
0 0 0
0.0 0.0 0.0
0.0 0.0 0.0

o cube-7 icosphere 7500.0
0.39 0.58 0.93
-21 0.5 -27
0 0 0
0.0 0.0 0.0
0.0 0.0 0.0

o cube-7 icosphere 7500.0
0.39 0.58 0.93
-21 0.5 -24
0 0 0
0.0 0.0 0.0
0.0 0.0 0.0

o cube-7 icosphere 7500.0
0.39 0.58 0.93
-21 0.5 -21
0 0 0
0.0 0.0 0.0
0.0 0.0 0.0

o cube-7 icosphere 7500.0
0.39 0.58 0.93
-21 0.5 -18
0 0 0
0.0 0.0 0.0
0.0 0.0 0.0

o cube-7 icosphere 7500.0
0.39 0.58 0.93
-21 0.5 -15
0 0 0
0.0 0.0 0.0
0.0 0.0 0.0

o cube-7 icosphere 7500.0
0.39 0.58 0.93
-21 0.5 -12
0 0 0
0.0 0.0 0.0
0.0 0.0 0.0

o cube-7 icosphere 7500.0
0.39 0.58 0.93
-21 0.5 -9
0 0 0
0.0 0.0 0.0
0.0 0.0 0.0

o cube-7 icosphere 7500.0
0.39 0.58 0.93
-21 0.5 -6
0 0 0
0.0 0.0 0.0
0.0 0.0 0.0

o cube-7 icosphere 7500.0
0.39 0.58 0.93
-21 0.5 -3
0 0 0
0.0 0.0 0.0
0.0 0.0 0.0

o cube-7 icosphere 7500.0
0.39 0.58 0.93
-21 0.5 0
0 0 0
0.0 0.0 0.0
0.0 0.0 0.0

o cube-7 icosphere 7500.0
0.39 0.58 0.93
-21 0.5 3
0 0 0
0.0 0.0 0.0
0.0 0.0 0.0

o cube-7 icosphere 7500.0
0.39 0.58 0.93
-21 0.5 6
0 0 0
0.0 0.0 0.0
0.0 0.0 0.0

o cube-7 icosphere 7500.0
0.39 0.58 0.93
-21 0.5 9
0 0 0
0.0 0.0 0.0
0.0 0.0 0.0

o cube-7 icosphere 7500.0
0.39 0.58 0.93
-21 0.5 12
0 0 0
0.0 0.0 0.0
0.0 0.0 0.0

o cube-7 icosphere 7500.0
0.39 0.58 0.93
-21 0.5 15
0 0 0
0.0 0.0 0.0
0.0 0.0 0.0

o cube-7 icosphere 7500.0
0.39 0.58 0.93
-21 0.5 18
0 0 0
0.0 0.0 0.0
0.0 0.0 0.0

o cube-7 icosphere 7500.0
0.39 0.58 0.93
-21 0.5 21
0 0 0
0.0 0.0 0.0
0.0 0.0 0.0

o cube-7 icosphere 7500.0
0.39 0.58 0.93
-21 0.5 24
0 0 0
0.0 0.0 0.0
0.0 0.0 0.0

o cube-7 icosphere 7500.0
0.39 0.58 0.93
-21 0.5 27
0 0 0
0.0 0.0 0.0
0.0 0.0 0.0

o cube-6 icosphere 7500.0
0.39 0.58 0.93
-18 0.5 -30
0 0 0
0.0 0.0 0.0
0.0 0.0 0.0

o cube-6 icosphere 7500.0
0.39 0.58 0.93
-18 0.5 -27
0 0 0
0.0 0.0 0.0
0.0 0.0 0.0

o cube-6 icosphere 7500.0
0.39 0.58 0.93
-18 0.5 -24
0 0 0
0.0 0.0 0.0
0.0 0.0 0.0

o cube-6 icosphere 7500.0
0.39 0.58 0.93
-18 0.5 -21
0 0 0
0.0 0.0 0.0
0.0 0.0 0.0

o cube-6 icosphere 7500.0
0.39 0.58 0.93
-18 0.5 -18
0 0 0
0.0 0.0 0.0
0.0 0.0 0.0

o cube-6 icosphere 7500.0
0.39 0.58 0.93
-18 0.5 -15
0 0 0
0.0 0.0 0.0
0.0 0.0 0.0

o cube-6 icosphere 7500.0
0.39 0.58 0.93
-18 0.5 -12
0 0 0
0.0 0.0 0.0
0.0 0.0 0.0

o cube-6 icosphere 7500.0
0.39 0.58 0.93
-18 0.5 -9
0 0 0
0.0 0.0 0.0
0.0 0.0 0.0

o cube-6 icosphere 7500.0
0.39 0.58 0.93
-18 0.5 -6
0 0 0
0.0 0.0 0.0
0.0 0.0 0.0

o cube-6 icosphere 7500.0
0.39 0.58 0.93
-18 0.5 -3
0 0 0
0.0 0.0 0.0
0.0 0.0 0.0

o cube-6 icosphere 7500.0
0.39 0.58 0.93
-18 0.5 0
0 0 0
0.0 0.0 0.0
0.0 0.0 0.0

o cube-6 icosphere 7500.0
0.39 0.58 0.93
-18 0.5 3
0 0 0
0.0 0.0 0.0
0.0 0.0 0.0

o cube-6 icosphere 7500.0
0.39 0.58 0.93
-18 0.5 6
0 0 0
0.0 0.0 0.0
0.0 0.0 0.0

o cube-6 icosphere 7500.0
0.39 0.58 0.93
-18 0.5 9
0 0 0
0.0 0.0 0.0
0.0 0.0 0.0

o cube-6 icosphere 7500.0
0.39 0.58 0.93
-18 0.5 12
0 0 0
0.0 0.0 0.0
0.0 0.0 0.0

o cube-6 icosphere 7500.0
0.39 0.58 0.93
-18 0.5 15
0 0 0
0.0 0.0 0.0
0.0 0.0 0.0

o cube-6 icosphere 7500.0
0.39 0.58 0.93
-18 0.5 18
0 0 0
0.0 0.0 0.0
0.0 0.0 0.0

o cube-6 icosphere 7500.0
0.39 0.58 0.93
-18 0.5 21
0 0 0
0.0 0.0 0.0
0.0 0.0 0.0

o cube-6 icosphere 7500.0
0.39 0.58 0.93
-18 0.5 24
0 0 0
0.0 0.0 0.0
0.0 0.0 0.0

o cube-6 icosphere 7500.0
0.39 0.58 0.93
-18 0.5 27
0 0 0
0.0 0.0 0.0
0.0 0.0 0.0

o cube-5 icosphere 7500.0
0.39 0.58 0.93
-15 0.5 -30
0 0 0
0.0 0.0 0.0
0.0 0.0 0.0

o cube-5 icosphere 7500.0
0.39 0.58 0.93
-15 0.5 -27
0 0 0
0.0 0.0 0.0
0.0 0.0 0.0

o cube-5 icosphere 7500.0
0.39 0.58 0.93
-15 0.5 -24
0 0 0
0.0 0.0 0.0
0.0 0.0 0.0

o cube-5 icosphere 7500.0
0.39 0.58 0.93
-15 0.5 -21
0 0 0
0.0 0.0 0.0
0.0 0.0 0.0

o cube-5 icosphere 7500.0
0.39 0.58 0.93
-15 0.5 -18
0 0 0
0.0 0.0 0.0
0.0 0.0 0.0

o cube-5 icosphere 7500.0
0.39 0.58 0.93
-15 0.5 -15
0 0 0
0.0 0.0 0.0
0.0 0.0 0.0

o cube-5 icosphere 7500.0
0.39 0.58 0.93
-15 0.5 -12
0 0 0
0.0 0.0 0.0
0.0 0.0 0.0

o cube-5 icosphere 7500.0
0.39 0.58 0.93
-15 0.5 -9
0 0 0
0.0 0.0 0.0
0.0 0.0 0.0

o cube-5 icosphere 7500.0
0.39 0.58 0.93
-15 0.5 -6
0 0 0
0.0 0.0 0.0
0.0 0.0 0.0

o cube-5 icosphere 7500.0
0.39 0.58 0.93
-15 0.5 -3
0 0 0
0.0 0.0 0.0
0.0 0.0 0.0

o cube-5 icosphere 7500.0
0.39 0.58 0.93
-15 0.5 0
0 0 0
0.0 0.0 0.0
0.0 0.0 0.0

o cube-5 icosphere 7500.0
0.39 0.58 0.93
-15 0.5 3
0 0 0
0.0 0.0 0.0
0.0 0.0 0.0

o cube-5 icosphere 7500.0
0.39 0.58 0.93
-15 0.5 6
0 0 0
0.0 0.0 0.0
0.0 0.0 0.0

o cube-5 icosphere 7500.0
0.39 0.58 0.93
-15 0.5 9
0 0 0
0.0 0.0 0.0
0.0 0.0 0.0

o cube-5 icosphere 7500.0
0.39 0.58 0.93
-15 0.5 12
0 0 0
0.0 0.0 0.0
0.0 0.0 0.0

o cube-5 icosphere 7500.0
0.39 0.58 0.93
-15 0.5 15
0 0 0
0.0 0.0 0.0
0.0 0.0 0.0

o cube-5 icosphere 7500.0
0.39 0.58 0.93
-15 0.5 18
0 0 0
0.0 0.0 0.0
0.0 0.0 0.0

o cube-5 icosphere 7500.0
0.39 0.58 0.93
-15 0.5 21
0 0 0
0.0 0.0 0.0
0.0 0.0 0.0

o cube-5 icosphere 7500.0
0.39 0.58 0.93
-15 0.5 24
0 0 0
0.0 0.0 0.0
0.0 0.0 0.0

o cube-5 icosphere 7500.0
0.39 0.58 0.93
-15 0.5 27
0 0 0
0.0 0.0 0.0
0.0 0.0 0.0

o cube-4 icosphere 7500.0
0.39 0.58 0.93
-12 0.5 -30
0 0 0
0.0 0.0 0.0
0.0 0.0 0.0

o cube-4 icosphere 7500.0
0.39 0.58 0.93
-12 0.5 -27
0 0 0
0.0 0.0 0.0
0.0 0.0 0.0

o cube-4 icosphere 7500.0
0.39 0.58 0.93
-12 0.5 -24
0 0 0
0.0 0.0 0.0
0.0 0.0 0.0

o cube-4 icosphere 7500.0
0.39 0.58 0.93
-12 0.5 -21
0 0 0
0.0 0.0 0.0
0.0 0.0 0.0

o cube-4 icosphere 7500.0
0.39 0.58 0.93
-12 0.5 -18
0 0 0
0.0 0.0 0.0
0.0 0.0 0.0

o cube-4 icosphere 7500.0
0.39 0.58 0.93
-12 0.5 -15
0 0 0
0.0 0.0 0.0
0.0 0.0 0.0

o cube-4 icosphere 7500.0
0.39 0.58 0.93
-12 0.5 -12
0 0 0
0.0 0.0 0.0
0.0 0.0 0.0

o cube-4 icosphere 7500.0
0.39 0.58 0.93
-12 0.5 -9
0 0 0
0.0 0.0 0.0
0.0 0.0 0.0

o cube-4 icosphere 7500.0
0.39 0.58 0.93
-12 0.5 -6
0 0 0
0.0 0.0 0.0
0.0 0.0 0.0

o cube-4 icosphere 7500.0
0.39 0.58 0.93
-12 0.5 -3
0 0 0
0.0 0.0 0.0
0.0 0.0 0.0

o cube-4 icosphere 7500.0
0.39 0.58 0.93
-12 0.5 0
0 0 0
0.0 0.0 0.0
0.0 0.0 0.0

o cube-4 icosphere 7500.0
0.39 0.58 0.93
-12 0.5 3
0 0 0
0.0 0.0 0.0
0.0 0.0 0.0

o cube-4 icosphere 7500.0
0.39 0.58 0.93
-12 0.5 6
0 0 0
0.0 0.0 0.0
0.0 0.0 0.0

o cube-4 icosphere 7500.0
0.39 0.58 0.93
-12 0.5 9
0 0 0
0.0 0.0 0.0
0.0 0.0 0.0

o cube-4 icosphere 7500.0
0.39 0.58 0.93
-12 0.5 12
0 0 0
0.0 0.0 0.0
0.0 0.0 0.0

o cube-4 icosphere 7500.0
0.39 0.58 0.93
-12 0.5 15
0 0 0
0.0 0.0 0.0
0.0 0.0 0.0

o cube-4 icosphere 7500.0
0.39 0.58 0.93
-12 0.5 18
0 0 0
0.0 0.0 0.0
0.0 0.0 0.0

o cube-4 icosphere 7500.0
0.39 0.58 0.93
-12 0.5 21
0 0 0
0.0 0.0 0.0
0.0 0.0 0.0

o cube-4 icosphere 7500.0
0.39 0.58 0.93
-12 0.5 24
0 0 0
0.0 0.0 0.0
0.0 0.0 0.0

o cube-4 icosphere 7500.0
0.39 0.58 0.93
-12 0.5 27
0 0 0
0.0 0.0 0.0
0.0 0.0 0.0

o cube-3 icosphere 7500.0
0.39 0.58 0.93
-9 0.5 -30
0 0 0
0.0 0.0 0.0
0.0 0.0 0.0

o cube-3 icosphere 7500.0
0.39 0.58 0.93
-9 0.5 -27
0 0 0
0.0 0.0 0.0
0.0 0.0 0.0

o cube-3 icosphere 7500.0
0.39 0.58 0.93
-9 0.5 -24
0 0 0
0.0 0.0 0.0
0.0 0.0 0.0

o cube-3 icosphere 7500.0
0.39 0.58 0.93
-9 0.5 -21
0 0 0
0.0 0.0 0.0
0.0 0.0 0.0

o cube-3 icosphere 7500.0
0.39 0.58 0.93
-9 0.5 -18
0 0 0
0.0 0.0 0.0
0.0 0.0 0.0

o cube-3 icosphere 7500.0
0.39 0.58 0.93
-9 0.5 -15
0 0 0
0.0 0.0 0.0
0.0 0.0 0.0

o cube-3 icosphere 7500.0
0.39 0.58 0.93
-9 0.5 -12
0 0 0
0.0 0.0 0.0
0.0 0.0 0.0

o cube-3 icosphere 7500.0
0.39 0.58 0.93
-9 0.5 -9
0 0 0
0.0 0.0 0.0
0.0 0.0 0.0

o cube-3 icosphere 7500.0
0.39 0.58 0.93
-9 0.5 -6
0 0 0
0.0 0.0 0.0
0.0 0.0 0.0

o cube-3 icosphere 7500.0
0.39 0.58 0.93
-9 0.5 -3
0 0 0
0.0 0.0 0.0
0.0 0.0 0.0

o cube-3 icosphere 7500.0
0.39 0.58 0.93
-9 0.5 0
0 0 0
0.0 0.0 0.0
0.0 0.0 0.0

o cube-3 icosphere 7500.0
0.39 0.58 0.93
-9 0.5 3
0 0 0
0.0 0.0 0.0
0.0 0.0 0.0

o cube-3 icosphere 7500.0
0.39 0.58 0.93
-9 0.5 6
0 0 0
0.0 0.0 0.0
0.0 0.0 0.0

o cube-3 icosphere 7500.0
0.39 0.58 0.93
-9 0.5 9
0 0 0
0.0 0.0 0.0
0.0 0.0 0.0

o cube-3 icosphere 7500.0
0.39 0.58 0.93
-9 0.5 12
0 0 0
0.0 0.0 0.0
0.0 0.0 0.0

o cube-3 icosphere 7500.0
0.39 0.58 0.93
-9 0.5 15
0 0 0
0.0 0.0 0.0
0.0 0.0 0.0

o cube-3 icosphere 7500.0
0.39 0.58 0.93
-9 0.5 18
0 0 0
0.0 0.0 0.0
0.0 0.0 0.0

o cube-3 icosphere 7500.0
0.39 0.58 0.93
-9 0.5 21
0 0 0
0.0 0.0 0.0
0.0 0.0 0.0

o cube-3 icosphere 7500.0
0.39 0.58 0.93
-9 0.5 24
0 0 0
0.0 0.0 0.0
0.0 0.0 0.0

o cube-3 icosphere 7500.0
0.39 0.58 0.93
-9 0.5 27
0 0 0
0.0 0.0 0.0
0.0 0.0 0.0

o cube-2 icosphere 7500.0
0.39 0.58 0.93
-6 0.5 -30
0 0 0
0.0 0.0 0.0
0.0 0.0 0.0

o cube-2 icosphere 7500.0
0.39 0.58 0.93
-6 0.5 -27
0 0 0
0.0 0.0 0.0
0.0 0.0 0.0

o cube-2 icosphere 7500.0
0.39 0.58 0.93
-6 0.5 -24
0 0 0
0.0 0.0 0.0
0.0 0.0 0.0

o cube-2 icosphere 7500.0
0.39 0.58 0.93
-6 0.5 -21
0 0 0
0.0 0.0 0.0
0.0 0.0 0.0

o cube-2 icosphere 7500.0
0.39 0.58 0.93
-6 0.5 -18
0 0 0
0.0 0.0 0.0
0.0 0.0 0.0

o cube-2 icosphere 7500.0
0.39 0.58 0.93
-6 0.5 -15
0 0 0
0.0 0.0 0.0
0.0 0.0 0.0

o cube-2 icosphere 7500.0
0.39 0.58 0.93
-6 0.5 -12
0 0 0
0.0 0.0 0.0
0.0 0.0 0.0

o cube-2 icosphere 7500.0
0.39 0.58 0.93
-6 0.5 -9
0 0 0
0.0 0.0 0.0
0.0 0.0 0.0

o cube-2 icosphere 7500.0
0.39 0.58 0.93
-6 0.5 -6
0 0 0
0.0 0.0 0.0
0.0 0.0 0.0

o cube-2 icosphere 7500.0
0.39 0.58 0.93
-6 0.5 -3
0 0 0
0.0 0.0 0.0
0.0 0.0 0.0

o cube-2 icosphere 7500.0
0.39 0.58 0.93
-6 0.5 0
0 0 0
0.0 0.0 0.0
0.0 0.0 0.0

o cube-2 icosphere 7500.0
0.39 0.58 0.93
-6 0.5 3
0 0 0
0.0 0.0 0.0
0.0 0.0 0.0

o cube-2 icosphere 7500.0
0.39 0.58 0.93
-6 0.5 6
0 0 0
0.0 0.0 0.0
0.0 0.0 0.0

o cube-2 icosphere 7500.0
0.39 0.58 0.93
-6 0.5 9
0 0 0
0.0 0.0 0.0
0.0 0.0 0.0

o cube-2 icosphere 7500.0
0.39 0.58 0.93
-6 0.5 12
0 0 0
0.0 0.0 0.0
0.0 0.0 0.0

o cube-2 icosphere 7500.0
0.39 0.58 0.93
-6 0.5 15
0 0 0
0.0 0.0 0.0
0.0 0.0 0.0

o cube-2 icosphere 7500.0
0.39 0.58 0.93
-6 0.5 18
0 0 0
0.0 0.0 0.0
0.0 0.0 0.0

o cube-2 icosphere 7500.0
0.39 0.58 0.93
-6 0.5 21
0 0 0
0.0 0.0 0.0
0.0 0.0 0.0

o cube-2 icosphere 7500.0
0.39 0.58 0.93
-6 0.5 24
0 0 0
0.0 0.0 0.0
0.0 0.0 0.0

o cube-2 icosphere 7500.0
0.39 0.58 0.93
-6 0.5 27
0 0 0
0.0 0.0 0.0
0.0 0.0 0.0

o cube-1 icosphere 7500.0
0.39 0.58 0.93
-3 0.5 -30
0 0 0
0.0 0.0 0.0
0.0 0.0 0.0

o cube-1 icosphere 7500.0
0.39 0.58 0.93
-3 0.5 -27
0 0 0
0.0 0.0 0.0
0.0 0.0 0.0

o cube-1 icosphere 7500.0
0.39 0.58 0.93
-3 0.5 -24
0 0 0
0.0 0.0 0.0
0.0 0.0 0.0

o cube-1 icosphere 7500.0
0.39 0.58 0.93
-3 0.5 -21
0 0 0
0.0 0.0 0.0
0.0 0.0 0.0

o cube-1 icosphere 7500.0
0.39 0.58 0.93
-3 0.5 -18
0 0 0
0.0 0.0 0.0
0.0 0.0 0.0

o cube-1 icosphere 7500.0
0.39 0.58 0.93
-3 0.5 -15
0 0 0
0.0 0.0 0.0
0.0 0.0 0.0

o cube-1 icosphere 7500.0
0.39 0.58 0.93
-3 0.5 -12
0 0 0
0.0 0.0 0.0
0.0 0.0 0.0

o cube-1 icosphere 7500.0
0.39 0.58 0.93
-3 0.5 -9
0 0 0
0.0 0.0 0.0
0.0 0.0 0.0

o cube-1 icosphere 7500.0
0.39 0.58 0.93
-3 0.5 -6
0 0 0
0.0 0.0 0.0
0.0 0.0 0.0

o cube-1 icosphere 7500.0
0.39 0.58 0.93
-3 0.5 -3
0 0 0
0.0 0.0 0.0
0.0 0.0 0.0

o cube-1 icosphere 7500.0
0.39 0.58 0.93
-3 0.5 0
0 0 0
0.0 0.0 0.0
0.0 0.0 0.0

o cube-1 icosphere 7500.0
0.39 0.58 0.93
-3 0.5 3
0 0 0
0.0 0.0 0.0
0.0 0.0 0.0

o cube-1 icosphere 7500.0
0.39 0.58 0.93
-3 0.5 6
0 0 0
0.0 0.0 0.0
0.0 0.0 0.0

o cube-1 icosphere 7500.0
0.39 0.58 0.93
-3 0.5 9
0 0 0
0.0 0.0 0.0
0.0 0.0 0.0

o cube-1 icosphere 7500.0
0.39 0.58 0.93
-3 0.5 12
0 0 0
0.0 0.0 0.0
0.0 0.0 0.0

o cube-1 icosphere 7500.0
0.39 0.58 0.93
-3 0.5 15
0 0 0
0.0 0.0 0.0
0.0 0.0 0.0

o cube-1 icosphere 7500.0
0.39 0.58 0.93
-3 0.5 18
0 0 0
0.0 0.0 0.0
0.0 0.0 0.0

o cube-1 icosphere 7500.0
0.39 0.58 0.93
-3 0.5 21
0 0 0
0.0 0.0 0.0
0.0 0.0 0.0

o cube-1 icosphere 7500.0
0.39 0.58 0.93
-3 0.5 24
0 0 0
0.0 0.0 0.0
0.0 0.0 0.0

o cube-1 icosphere 7500.0
0.39 0.58 0.93
-3 0.5 27
0 0 0
0.0 0.0 0.0
0.0 0.0 0.0

o cube0 icosphere 7500.0
0.39 0.58 0.93
0 0.5 -30
0 0 0
0.0 0.0 0.0
0.0 0.0 0.0

o cube0 icosphere 7500.0
0.39 0.58 0.93
0 0.5 -27
0 0 0
0.0 0.0 0.0
0.0 0.0 0.0

o cube0 icosphere 7500.0
0.39 0.58 0.93
0 0.5 -24
0 0 0
0.0 0.0 0.0
0.0 0.0 0.0

o cube0 icosphere 7500.0
0.39 0.58 0.93
0 0.5 -21
0 0 0
0.0 0.0 0.0
0.0 0.0 0.0

o cube0 icosphere 7500.0
0.39 0.58 0.93
0 0.5 -18
0 0 0
0.0 0.0 0.0
0.0 0.0 0.0

o cube0 icosphere 7500.0
0.39 0.58 0.93
0 0.5 -15
0 0 0
0.0 0.0 0.0
0.0 0.0 0.0

o cube0 icosphere 7500.0
0.39 0.58 0.93
0 0.5 -12
0 0 0
0.0 0.0 0.0
0.0 0.0 0.0

o cube0 icosphere 7500.0
0.39 0.58 0.93
0 0.5 -9
0 0 0
0.0 0.0 0.0
0.0 0.0 0.0

o cube0 icosphere 7500.0
0.39 0.58 0.93
0 0.5 -6
0 0 0
0.0 0.0 0.0
0.0 0.0 0.0

o cube0 icosphere 7500.0
0.39 0.58 0.93
0 0.5 -3
0 0 0
0.0 0.0 0.0
0.0 0.0 0.0

o cube0 icosphere 7500.0
0.39 0.58 0.93
0 0.5 0
0 0 0
0.0 0.0 0.0
0.0 0.0 0.0

o cube0 icosphere 7500.0
0.39 0.58 0.93
0 0.5 3
0 0 0
0.0 0.0 0.0
0.0 0.0 0.0

o cube0 icosphere 7500.0
0.39 0.58 0.93
0 0.5 6
0 0 0
0.0 0.0 0.0
0.0 0.0 0.0

o cube0 icosphere 7500.0
0.39 0.58 0.93
0 0.5 9
0 0 0
0.0 0.0 0.0
0.0 0.0 0.0

o cube0 icosphere 7500.0
0.39 0.58 0.93
0 0.5 12
0 0 0
0.0 0.0 0.0
0.0 0.0 0.0

o cube0 icosphere 7500.0
0.39 0.58 0.93
0 0.5 15
0 0 0
0.0 0.0 0.0
0.0 0.0 0.0

o cube0 icosphere 7500.0
0.39 0.58 0.93
0 0.5 18
0 0 0
0.0 0.0 0.0
0.0 0.0 0.0

o cube0 icosphere 7500.0
0.39 0.58 0.93
0 0.5 21
0 0 0
0.0 0.0 0.0
0.0 0.0 0.0

o cube0 icosphere 7500.0
0.39 0.58 0.93
0 0.5 24
0 0 0
0.0 0.0 0.0
0.0 0.0 0.0

o cube0 icosphere 7500.0
0.39 0.58 0.93
0 0.5 27
0 0 0
0.0 0.0 0.0
0.0 0.0 0.0

o cube1 icosphere 7500.0
0.39 0.58 0.93
3 0.5 -30
0 0 0
0.0 0.0 0.0
0.0 0.0 0.0

o cube1 icosphere 7500.0
0.39 0.58 0.93
3 0.5 -27
0 0 0
0.0 0.0 0.0
0.0 0.0 0.0

o cube1 icosphere 7500.0
0.39 0.58 0.93
3 0.5 -24
0 0 0
0.0 0.0 0.0
0.0 0.0 0.0

o cube1 icosphere 7500.0
0.39 0.58 0.93
3 0.5 -21
0 0 0
0.0 0.0 0.0
0.0 0.0 0.0

o cube1 icosphere 7500.0
0.39 0.58 0.93
3 0.5 -18
0 0 0
0.0 0.0 0.0
0.0 0.0 0.0

o cube1 icosphere 7500.0
0.39 0.58 0.93
3 0.5 -15
0 0 0
0.0 0.0 0.0
0.0 0.0 0.0

o cube1 icosphere 7500.0
0.39 0.58 0.93
3 0.5 -12
0 0 0
0.0 0.0 0.0
0.0 0.0 0.0

o cube1 icosphere 7500.0
0.39 0.58 0.93
3 0.5 -9
0 0 0
0.0 0.0 0.0
0.0 0.0 0.0

o cube1 icosphere 7500.0
0.39 0.58 0.93
3 0.5 -6
0 0 0
0.0 0.0 0.0
0.0 0.0 0.0

o cube1 icosphere 7500.0
0.39 0.58 0.93
3 0.5 -3
0 0 0
0.0 0.0 0.0
0.0 0.0 0.0

o cube1 icosphere 7500.0
0.39 0.58 0.93
3 0.5 0
0 0 0
0.0 0.0 0.0
0.0 0.0 0.0

o cube1 icosphere 7500.0
0.39 0.58 0.93
3 0.5 3
0 0 0
0.0 0.0 0.0
0.0 0.0 0.0

o cube1 icosphere 7500.0
0.39 0.58 0.93
3 0.5 6
0 0 0
0.0 0.0 0.0
0.0 0.0 0.0

o cube1 icosphere 7500.0
0.39 0.58 0.93
3 0.5 9
0 0 0
0.0 0.0 0.0
0.0 0.0 0.0

o cube1 icosphere 7500.0
0.39 0.58 0.93
3 0.5 12
0 0 0
0.0 0.0 0.0
0.0 0.0 0.0

o cube1 icosphere 7500.0
0.39 0.58 0.93
3 0.5 15
0 0 0
0.0 0.0 0.0
0.0 0.0 0.0

o cube1 icosphere 7500.0
0.39 0.58 0.93
3 0.5 18
0 0 0
0.0 0.0 0.0
0.0 0.0 0.0

o cube1 icosphere 7500.0
0.39 0.58 0.93
3 0.5 21
0 0 0
0.0 0.0 0.0
0.0 0.0 0.0

o cube1 icosphere 7500.0
0.39 0.58 0.93
3 0.5 24
0 0 0
0.0 0.0 0.0
0.0 0.0 0.0

o cube1 icosphere 7500.0
0.39 0.58 0.93
3 0.5 27
0 0 0
0.0 0.0 0.0
0.0 0.0 0.0

o cube2 icosphere 7500.0
0.39 0.58 0.93
6 0.5 -30
0 0 0
0.0 0.0 0.0
0.0 0.0 0.0

o cube2 icosphere 7500.0
0.39 0.58 0.93
6 0.5 -27
0 0 0
0.0 0.0 0.0
0.0 0.0 0.0

o cube2 icosphere 7500.0
0.39 0.58 0.93
6 0.5 -24
0 0 0
0.0 0.0 0.0
0.0 0.0 0.0

o cube2 icosphere 7500.0
0.39 0.58 0.93
6 0.5 -21
0 0 0
0.0 0.0 0.0
0.0 0.0 0.0

o cube2 icosphere 7500.0
0.39 0.58 0.93
6 0.5 -18
0 0 0
0.0 0.0 0.0
0.0 0.0 0.0

o cube2 icosphere 7500.0
0.39 0.58 0.93
6 0.5 -15
0 0 0
0.0 0.0 0.0
0.0 0.0 0.0

o cube2 icosphere 7500.0
0.39 0.58 0.93
6 0.5 -12
0 0 0
0.0 0.0 0.0
0.0 0.0 0.0

o cube2 icosphere 7500.0
0.39 0.58 0.93
6 0.5 -9
0 0 0
0.0 0.0 0.0
0.0 0.0 0.0

o cube2 icosphere 7500.0
0.39 0.58 0.93
6 0.5 -6
0 0 0
0.0 0.0 0.0
0.0 0.0 0.0

o cube2 icosphere 7500.0
0.39 0.58 0.93
6 0.5 -3
0 0 0
0.0 0.0 0.0
0.0 0.0 0.0

o cube2 icosphere 7500.0
0.39 0.58 0.93
6 0.5 0
0 0 0
0.0 0.0 0.0
0.0 0.0 0.0

o cube2 icosphere 7500.0
0.39 0.58 0.93
6 0.5 3
0 0 0
0.0 0.0 0.0
0.0 0.0 0.0

o cube2 icosphere 7500.0
0.39 0.58 0.93
6 0.5 6
0 0 0
0.0 0.0 0.0
0.0 0.0 0.0

o cube2 icosphere 7500.0
0.39 0.58 0.93
6 0.5 9
0 0 0
0.0 0.0 0.0
0.0 0.0 0.0

o cube2 icosphere 7500.0
0.39 0.58 0.93
6 0.5 12
0 0 0
0.0 0.0 0.0
0.0 0.0 0.0

o cube2 icosphere 7500.0
0.39 0.58 0.93
6 0.5 15
0 0 0
0.0 0.0 0.0
0.0 0.0 0.0

o cube2 icosphere 7500.0
0.39 0.58 0.93
6 0.5 18
0 0 0
0.0 0.0 0.0
0.0 0.0 0.0

o cube2 icosphere 7500.0
0.39 0.58 0.93
6 0.5 21
0 0 0
0.0 0.0 0.0
0.0 0.0 0.0

o cube2 icosphere 7500.0
0.39 0.58 0.93
6 0.5 24
0 0 0
0.0 0.0 0.0
0.0 0.0 0.0

o cube2 icosphere 7500.0
0.39 0.58 0.93
6 0.5 27
0 0 0
0.0 0.0 0.0
0.0 0.0 0.0

o cube3 icosphere 7500.0
0.39 0.58 0.93
9 0.5 -30
0 0 0
0.0 0.0 0.0
0.0 0.0 0.0

o cube3 icosphere 7500.0
0.39 0.58 0.93
9 0.5 -27
0 0 0
0.0 0.0 0.0
0.0 0.0 0.0

o cube3 icosphere 7500.0
0.39 0.58 0.93
9 0.5 -24
0 0 0
0.0 0.0 0.0
0.0 0.0 0.0

o cube3 icosphere 7500.0
0.39 0.58 0.93
9 0.5 -21
0 0 0
0.0 0.0 0.0
0.0 0.0 0.0

o cube3 icosphere 7500.0
0.39 0.58 0.93
9 0.5 -18
0 0 0
0.0 0.0 0.0
0.0 0.0 0.0

o cube3 icosphere 7500.0
0.39 0.58 0.93
9 0.5 -15
0 0 0
0.0 0.0 0.0
0.0 0.0 0.0

o cube3 icosphere 7500.0
0.39 0.58 0.93
9 0.5 -12
0 0 0
0.0 0.0 0.0
0.0 0.0 0.0

o cube3 icosphere 7500.0
0.39 0.58 0.93
9 0.5 -9
0 0 0
0.0 0.0 0.0
0.0 0.0 0.0

o cube3 icosphere 7500.0
0.39 0.58 0.93
9 0.5 -6
0 0 0
0.0 0.0 0.0
0.0 0.0 0.0

o cube3 icosphere 7500.0
0.39 0.58 0.93
9 0.5 -3
0 0 0
0.0 0.0 0.0
0.0 0.0 0.0

o cube3 icosphere 7500.0
0.39 0.58 0.93
9 0.5 0
0 0 0
0.0 0.0 0.0
0.0 0.0 0.0

o cube3 icosphere 7500.0
0.39 0.58 0.93
9 0.5 3
0 0 0
0.0 0.0 0.0
0.0 0.0 0.0

o cube3 icosphere 7500.0
0.39 0.58 0.93
9 0.5 6
0 0 0
0.0 0.0 0.0
0.0 0.0 0.0

o cube3 icosphere 7500.0
0.39 0.58 0.93
9 0.5 9
0 0 0
0.0 0.0 0.0
0.0 0.0 0.0

o cube3 icosphere 7500.0
0.39 0.58 0.93
9 0.5 12
0 0 0
0.0 0.0 0.0
0.0 0.0 0.0

o cube3 icosphere 7500.0
0.39 0.58 0.93
9 0.5 15
0 0 0
0.0 0.0 0.0
0.0 0.0 0.0

o cube3 icosphere 7500.0
0.39 0.58 0.93
9 0.5 18
0 0 0
0.0 0.0 0.0
0.0 0.0 0.0

o cube3 icosphere 7500.0
0.39 0.58 0.93
9 0.5 21
0 0 0
0.0 0.0 0.0
0.0 0.0 0.0

o cube3 icosphere 7500.0
0.39 0.58 0.93
9 0.5 24
0 0 0
0.0 0.0 0.0
0.0 0.0 0.0

o cube3 icosphere 7500.0
0.39 0.58 0.93
9 0.5 27
0 0 0
0.0 0.0 0.0
0.0 0.0 0.0

o cube4 icosphere 7500.0
0.39 0.58 0.93
12 0.5 -30
0 0 0
0.0 0.0 0.0
0.0 0.0 0.0

o cube4 icosphere 7500.0
0.39 0.58 0.93
12 0.5 -27
0 0 0
0.0 0.0 0.0
0.0 0.0 0.0

o cube4 icosphere 7500.0
0.39 0.58 0.93
12 0.5 -24
0 0 0
0.0 0.0 0.0
0.0 0.0 0.0

o cube4 icosphere 7500.0
0.39 0.58 0.93
12 0.5 -21
0 0 0
0.0 0.0 0.0
0.0 0.0 0.0

o cube4 icosphere 7500.0
0.39 0.58 0.93
12 0.5 -18
0 0 0
0.0 0.0 0.0
0.0 0.0 0.0

o cube4 icosphere 7500.0
0.39 0.58 0.93
12 0.5 -15
0 0 0
0.0 0.0 0.0
0.0 0.0 0.0

o cube4 icosphere 7500.0
0.39 0.58 0.93
12 0.5 -12
0 0 0
0.0 0.0 0.0
0.0 0.0 0.0

o cube4 icosphere 7500.0
0.39 0.58 0.93
12 0.5 -9
0 0 0
0.0 0.0 0.0
0.0 0.0 0.0

o cube4 icosphere 7500.0
0.39 0.58 0.93
12 0.5 -6
0 0 0
0.0 0.0 0.0
0.0 0.0 0.0

o cube4 icosphere 7500.0
0.39 0.58 0.93
12 0.5 -3
0 0 0
0.0 0.0 0.0
0.0 0.0 0.0

o cube4 icosphere 7500.0
0.39 0.58 0.93
12 0.5 0
0 0 0
0.0 0.0 0.0
0.0 0.0 0.0

o cube4 icosphere 7500.0
0.39 0.58 0.93
12 0.5 3
0 0 0
0.0 0.0 0.0
0.0 0.0 0.0

o cube4 icosphere 7500.0
0.39 0.58 0.93
12 0.5 6
0 0 0
0.0 0.0 0.0
0.0 0.0 0.0

o cube4 icosphere 7500.0
0.39 0.58 0.93
12 0.5 9
0 0 0
0.0 0.0 0.0
0.0 0.0 0.0

o cube4 icosphere 7500.0
0.39 0.58 0.93
12 0.5 12
0 0 0
0.0 0.0 0.0
0.0 0.0 0.0

o cube4 icosphere 7500.0
0.39 0.58 0.93
12 0.5 15
0 0 0
0.0 0.0 0.0
0.0 0.0 0.0

o cube4 icosphere 7500.0
0.39 0.58 0.93
12 0.5 18
0 0 0
0.0 0.0 0.0
0.0 0.0 0.0

o cube4 icosphere 7500.0
0.39 0.58 0.93
12 0.5 21
0 0 0
0.0 0.0 0.0
0.0 0.0 0.0

o cube4 icosphere 7500.0
0.39 0.58 0.93
12 0.5 24
0 0 0
0.0 0.0 0.0
0.0 0.0 0.0

o cube4 icosphere 7500.0
0.39 0.58 0.93
12 0.5 27
0 0 0
0.0 0.0 0.0
0.0 0.0 0.0

o cube5 icosphere 7500.0
0.39 0.58 0.93
15 0.5 -30
0 0 0
0.0 0.0 0.0
0.0 0.0 0.0

o cube5 icosphere 7500.0
0.39 0.58 0.93
15 0.5 -27
0 0 0
0.0 0.0 0.0
0.0 0.0 0.0

o cube5 icosphere 7500.0
0.39 0.58 0.93
15 0.5 -24
0 0 0
0.0 0.0 0.0
0.0 0.0 0.0

o cube5 icosphere 7500.0
0.39 0.58 0.93
15 0.5 -21
0 0 0
0.0 0.0 0.0
0.0 0.0 0.0

o cube5 icosphere 7500.0
0.39 0.58 0.93
15 0.5 -18
0 0 0
0.0 0.0 0.0
0.0 0.0 0.0

o cube5 icosphere 7500.0
0.39 0.58 0.93
15 0.5 -15
0 0 0
0.0 0.0 0.0
0.0 0.0 0.0

o cube5 icosphere 7500.0
0.39 0.58 0.93
15 0.5 -12
0 0 0
0.0 0.0 0.0
0.0 0.0 0.0

o cube5 icosphere 7500.0
0.39 0.58 0.93
15 0.5 -9
0 0 0
0.0 0.0 0.0
0.0 0.0 0.0

o cube5 icosphere 7500.0
0.39 0.58 0.93
15 0.5 -6
0 0 0
0.0 0.0 0.0
0.0 0.0 0.0

o cube5 icosphere 7500.0
0.39 0.58 0.93
15 0.5 -3
0 0 0
0.0 0.0 0.0
0.0 0.0 0.0

o cube5 icosphere 7500.0
0.39 0.58 0.93
15 0.5 0
0 0 0
0.0 0.0 0.0
0.0 0.0 0.0

o cube5 icosphere 7500.0
0.39 0.58 0.93
15 0.5 3
0 0 0
0.0 0.0 0.0
0.0 0.0 0.0

o cube5 icosphere 7500.0
0.39 0.58 0.93
15 0.5 6
0 0 0
0.0 0.0 0.0
0.0 0.0 0.0

o cube5 icosphere 7500.0
0.39 0.58 0.93
15 0.5 9
0 0 0
0.0 0.0 0.0
0.0 0.0 0.0

o cube5 icosphere 7500.0
0.39 0.58 0.93
15 0.5 12
0 0 0
0.0 0.0 0.0
0.0 0.0 0.0

o cube5 icosphere 7500.0
0.39 0.58 0.93
15 0.5 15
0 0 0
0.0 0.0 0.0
0.0 0.0 0.0

o cube5 icosphere 7500.0
0.39 0.58 0.93
15 0.5 18
0 0 0
0.0 0.0 0.0
0.0 0.0 0.0

o cube5 icosphere 7500.0
0.39 0.58 0.93
15 0.5 21
0 0 0
0.0 0.0 0.0
0.0 0.0 0.0

o cube5 icosphere 7500.0
0.39 0.58 0.93
15 0.5 24
0 0 0
0.0 0.0 0.0
0.0 0.0 0.0

o cube5 icosphere 7500.0
0.39 0.58 0.93
15 0.5 27
0 0 0
0.0 0.0 0.0
0.0 0.0 0.0

o cube6 icosphere 7500.0
0.39 0.58 0.93
18 0.5 -30
0 0 0
0.0 0.0 0.0
0.0 0.0 0.0

o cube6 icosphere 7500.0
0.39 0.58 0.93
18 0.5 -27
0 0 0
0.0 0.0 0.0
0.0 0.0 0.0

o cube6 icosphere 7500.0
0.39 0.58 0.93
18 0.5 -24
0 0 0
0.0 0.0 0.0
0.0 0.0 0.0

o cube6 icosphere 7500.0
0.39 0.58 0.93
18 0.5 -21
0 0 0
0.0 0.0 0.0
0.0 0.0 0.0

o cube6 icosphere 7500.0
0.39 0.58 0.93
18 0.5 -18
0 0 0
0.0 0.0 0.0
0.0 0.0 0.0

o cube6 icosphere 7500.0
0.39 0.58 0.93
18 0.5 -15
0 0 0
0.0 0.0 0.0
0.0 0.0 0.0

o cube6 icosphere 7500.0
0.39 0.58 0.93
18 0.5 -12
0 0 0
0.0 0.0 0.0
0.0 0.0 0.0

o cube6 icosphere 7500.0
0.39 0.58 0.93
18 0.5 -9
0 0 0
0.0 0.0 0.0
0.0 0.0 0.0

o cube6 icosphere 7500.0
0.39 0.58 0.93
18 0.5 -6
0 0 0
0.0 0.0 0.0
0.0 0.0 0.0

o cube6 icosphere 7500.0
0.39 0.58 0.93
18 0.5 -3
0 0 0
0.0 0.0 0.0
0.0 0.0 0.0

o cube6 icosphere 7500.0
0.39 0.58 0.93
18 0.5 0
0 0 0
0.0 0.0 0.0
0.0 0.0 0.0

o cube6 icosphere 7500.0
0.39 0.58 0.93
18 0.5 3
0 0 0
0.0 0.0 0.0
0.0 0.0 0.0

o cube6 icosphere 7500.0
0.39 0.58 0.93
18 0.5 6
0 0 0
0.0 0.0 0.0
0.0 0.0 0.0

o cube6 icosphere 7500.0
0.39 0.58 0.93
18 0.5 9
0 0 0
0.0 0.0 0.0
0.0 0.0 0.0

o cube6 icosphere 7500.0
0.39 0.58 0.93
18 0.5 12
0 0 0
0.0 0.0 0.0
0.0 0.0 0.0

o cube6 icosphere 7500.0
0.39 0.58 0.93
18 0.5 15
0 0 0
0.0 0.0 0.0
0.0 0.0 0.0

o cube6 icosphere 7500.0
0.39 0.58 0.93
18 0.5 18
0 0 0
0.0 0.0 0.0
0.0 0.0 0.0

o cube6 icosphere 7500.0
0.39 0.58 0.93
18 0.5 21
0 0 0
0.0 0.0 0.0
0.0 0.0 0.0

o cube6 icosphere 7500.0
0.39 0.58 0.93
18 0.5 24
0 0 0
0.0 0.0 0.0
0.0 0.0 0.0

o cube6 icosphere 7500.0
0.39 0.58 0.93
18 0.5 27
0 0 0
0.0 0.0 0.0
0.0 0.0 0.0

o cube7 icosphere 7500.0
0.39 0.58 0.93
21 0.5 -30
0 0 0
0.0 0.0 0.0
0.0 0.0 0.0

o cube7 icosphere 7500.0
0.39 0.58 0.93
21 0.5 -27
0 0 0
0.0 0.0 0.0
0.0 0.0 0.0

o cube7 icosphere 7500.0
0.39 0.58 0.93
21 0.5 -24
0 0 0
0.0 0.0 0.0
0.0 0.0 0.0

o cube7 icosphere 7500.0
0.39 0.58 0.93
21 0.5 -21
0 0 0
0.0 0.0 0.0
0.0 0.0 0.0

o cube7 icosphere 7500.0
0.39 0.58 0.93
21 0.5 -18
0 0 0
0.0 0.0 0.0
0.0 0.0 0.0

o cube7 icosphere 7500.0
0.39 0.58 0.93
21 0.5 -15
0 0 0
0.0 0.0 0.0
0.0 0.0 0.0

o cube7 icosphere 7500.0
0.39 0.58 0.93
21 0.5 -12
0 0 0
0.0 0.0 0.0
0.0 0.0 0.0

o cube7 icosphere 7500.0
0.39 0.58 0.93
21 0.5 -9
0 0 0
0.0 0.0 0.0
0.0 0.0 0.0

o cube7 icosphere 7500.0
0.39 0.58 0.93
21 0.5 -6
0 0 0
0.0 0.0 0.0
0.0 0.0 0.0

o cube7 icosphere 7500.0
0.39 0.58 0.93
21 0.5 -3
0 0 0
0.0 0.0 0.0
0.0 0.0 0.0

o cube7 icosphere 7500.0
0.39 0.58 0.93
21 0.5 0
0 0 0
0.0 0.0 0.0
0.0 0.0 0.0

o cube7 icosphere 7500.0
0.39 0.58 0.93
21 0.5 3
0 0 0
0.0 0.0 0.0
0.0 0.0 0.0

o cube7 icosphere 7500.0
0.39 0.58 0.93
21 0.5 6
0 0 0
0.0 0.0 0.0
0.0 0.0 0.0

o cube7 icosphere 7500.0
0.39 0.58 0.93
21 0.5 9
0 0 0
0.0 0.0 0.0
0.0 0.0 0.0

o cube7 icosphere 7500.0
0.39 0.58 0.93
21 0.5 12
0 0 0
0.0 0.0 0.0
0.0 0.0 0.0

o cube7 icosphere 7500.0
0.39 0.58 0.93
21 0.5 15
0 0 0
0.0 0.0 0.0
0.0 0.0 0.0

o cube7 icosphere 7500.0
0.39 0.58 0.93
21 0.5 18
0 0 0
0.0 0.0 0.0
0.0 0.0 0.0

o cube7 icosphere 7500.0
0.39 0.58 0.93
21 0.5 21
0 0 0
0.0 0.0 0.0
0.0 0.0 0.0

o cube7 icosphere 7500.0
0.39 0.58 0.93
21 0.5 24
0 0 0
0.0 0.0 0.0
0.0 0.0 0.0

o cube7 icosphere 7500.0
0.39 0.58 0.93
21 0.5 27
0 0 0
0.0 0.0 0.0
0.0 0.0 0.0

o cube8 icosphere 7500.0
0.39 0.58 0.93
24 0.5 -30
0 0 0
0.0 0.0 0.0
0.0 0.0 0.0

o cube8 icosphere 7500.0
0.39 0.58 0.93
24 0.5 -27
0 0 0
0.0 0.0 0.0
0.0 0.0 0.0

o cube8 icosphere 7500.0
0.39 0.58 0.93
24 0.5 -24
0 0 0
0.0 0.0 0.0
0.0 0.0 0.0

o cube8 icosphere 7500.0
0.39 0.58 0.93
24 0.5 -21
0 0 0
0.0 0.0 0.0
0.0 0.0 0.0

o cube8 icosphere 7500.0
0.39 0.58 0.93
24 0.5 -18
0 0 0
0.0 0.0 0.0
0.0 0.0 0.0

o cube8 icosphere 7500.0
0.39 0.58 0.93
24 0.5 -15
0 0 0
0.0 0.0 0.0
0.0 0.0 0.0

o cube8 icosphere 7500.0
0.39 0.58 0.93
24 0.5 -12
0 0 0
0.0 0.0 0.0
0.0 0.0 0.0

o cube8 icosphere 7500.0
0.39 0.58 0.93
24 0.5 -9
0 0 0
0.0 0.0 0.0
0.0 0.0 0.0

o cube8 icosphere 7500.0
0.39 0.58 0.93
24 0.5 -6
0 0 0
0.0 0.0 0.0
0.0 0.0 0.0

o cube8 icosphere 7500.0
0.39 0.58 0.93
24 0.5 -3
0 0 0
0.0 0.0 0.0
0.0 0.0 0.0

o cube8 icosphere 7500.0
0.39 0.58 0.93
24 0.5 0
0 0 0
0.0 0.0 0.0
0.0 0.0 0.0

o cube8 icosphere 7500.0
0.39 0.58 0.93
24 0.5 3
0 0 0
0.0 0.0 0.0
0.0 0.0 0.0

o cube8 icosphere 7500.0
0.39 0.58 0.93
24 0.5 6
0 0 0
0.0 0.0 0.0
0.0 0.0 0.0

o cube8 icosphere 7500.0
0.39 0.58 0.93
24 0.5 9
0 0 0
0.0 0.0 0.0
0.0 0.0 0.0

o cube8 icosphere 7500.0
0.39 0.58 0.93
24 0.5 12
0 0 0
0.0 0.0 0.0
0.0 0.0 0.0

o cube8 icosphere 7500.0
0.39 0.58 0.93
24 0.5 15
0 0 0
0.0 0.0 0.0
0.0 0.0 0.0

o cube8 icosphere 7500.0
0.39 0.58 0.93
24 0.5 18
0 0 0
0.0 0.0 0.0
0.0 0.0 0.0

o cube8 icosphere 7500.0
0.39 0.58 0.93
24 0.5 21
0 0 0
0.0 0.0 0.0
0.0 0.0 0.0

o cube8 icosphere 7500.0
0.39 0.58 0.93
24 0.5 24
0 0 0
0.0 0.0 0.0
0.0 0.0 0.0

o cube8 icosphere 7500.0
0.39 0.58 0.93
24 0.5 27
0 0 0
0.0 0.0 0.0
0.0 0.0 0.0

o cube9 icosphere 7500.0
0.39 0.58 0.93
27 0.5 -30
0 0 0
0.0 0.0 0.0
0.0 0.0 0.0

o cube9 icosphere 7500.0
0.39 0.58 0.93
27 0.5 -27
0 0 0
0.0 0.0 0.0
0.0 0.0 0.0

o cube9 icosphere 7500.0
0.39 0.58 0.93
27 0.5 -24
0 0 0
0.0 0.0 0.0
0.0 0.0 0.0

o cube9 icosphere 7500.0
0.39 0.58 0.93
27 0.5 -21
0 0 0
0.0 0.0 0.0
0.0 0.0 0.0

o cube9 icosphere 7500.0
0.39 0.58 0.93
27 0.5 -18
0 0 0
0.0 0.0 0.0
0.0 0.0 0.0

o cube9 icosphere 7500.0
0.39 0.58 0.93
27 0.5 -15
0 0 0
0.0 0.0 0.0
0.0 0.0 0.0

o cube9 icosphere 7500.0
0.39 0.58 0.93
27 0.5 -12
0 0 0
0.0 0.0 0.0
0.0 0.0 0.0

o cube9 icosphere 7500.0
0.39 0.58 0.93
27 0.5 -9
0 0 0
0.0 0.0 0.0
0.0 0.0 0.0

o cube9 icosphere 7500.0
0.39 0.58 0.93
27 0.5 -6
0 0 0
0.0 0.0 0.0
0.0 0.0 0.0

o cube9 icosphere 7500.0
0.39 0.58 0.93
27 0.5 -3
0 0 0
0.0 0.0 0.0
0.0 0.0 0.0

o cube9 icosphere 7500.0
0.39 0.58 0.93
27 0.5 0
0 0 0
0.0 0.0 0.0
0.0 0.0 0.0

o cube9 icosphere 7500.0
0.39 0.58 0.93
27 0.5 3
0 0 0
0.0 0.0 0.0
0.0 0.0 0.0

o cube9 icosphere 7500.0
0.39 0.58 0.93
27 0.5 6
0 0 0
0.0 0.0 0.0
0.0 0.0 0.0

o cube9 icosphere 7500.0
0.39 0.58 0.93
27 0.5 9
0 0 0
0.0 0.0 0.0
0.0 0.0 0.0

o cube9 icosphere 7500.0
0.39 0.58 0.93
27 0.5 12
0 0 0
0.0 0.0 0.0
0.0 0.0 0.0

o cube9 icosphere 7500.0
0.39 0.58 0.93
27 0.5 15
0 0 0
0.0 0.0 0.0
0.0 0.0 0.0

o cube9 icosphere 7500.0
0.39 0.58 0.93
27 0.5 18
0 0 0
0.0 0.0 0.0
0.0 0.0 0.0

o cube9 icosphere 7500.0
0.39 0.58 0.93
27 0.5 21
0 0 0
0.0 0.0 0.0
0.0 0.0 0.0

o cube9 icosphere 7500.0
0.39 0.58 0.93
27 0.5 24
0 0 0
0.0 0.0 0.0
0.0 0.0 0.0

o cube9 icosphere 7500.0
0.39 0.58 0.93
27 0.5 27
0 0 0
0.0 0.0 0.0
0.0 0.0 0.0

400
